32
386.35156424224874 274.4620015271239
394.7995439711964 269.124786908691
402.0571474537838 262.27557533140595
407.8620266193093 254.15581108645557
412.0145988812858 245.06155639805544
414.35735964285755 235.36154700795913
414.800663553231 225.37674155907052
413.29621656247843 215.51771982029655
409.87154333035403 206.13914332570766
404.67035143793635 197.62058193726887
397.943088213524 190.24087537310908
389.93477490801047 184.2775764273072
380.91324534552706 179.98724655060323
371.2377711219933 177.52700211358896
361.2777860546416 176.96332464435298
351.3816731882607 178.30985810412824
341.93747289148365 181.53225268949132
333.2924040175628 186.54773700923917
325.8137122352896 193.16656729590676
319.73348109118876 201.0891985513311
315.2212858575725 209.99438351814746
312.5113126240365 219.59382824672457
311.7471727523366 229.55138914904165
312.9629307309376 239.46311290287264
316.0665961446781 248.96296670549148
321.18146991541005 257.50187500385334
327.8672728789504 264.9459016290241
335.4437971203106 271.4536688523279
344.1822375379446 276.2291763173858
353.76776809366606 279.0325772748909
363.7120369355474 279.99152953425664
373.6372446227625 278.985589652522