103
867 1471
828 1508
789 1553
747 1592
707 1631
652 1667
587 1625
548 1583
503 1539
467 1502
436 1471
391 1511
360 1547
324 1581
293 1609
243 1600
223 1544
221 1491
221 1449
221 1396
218 1346
218 1290
221 1242
221 1180
221 1119
218 1054
218 1010
218 951
218 898
218 842
221 777
218 716
221 663
221 601
229 534
243 475
274 397
299 344
333 299
358 260
400 212
450 167
509 120
556 89
604 69
652 47
716 33
777 22
822 19
867 13
915 13
959 25
1013 33
1066 47
1110 64
1158 86
1200 111
1245 139
1287 173
1323 209
1357 246
1385 277
1410 319
1438 363
1463 414
1483 475
1497 526
1508 582
1511 643
1511 702
1513 766
1513 842
1513 898
1513 948
1513 987
1513 1035
1513 1082
1513 1141
1513 1194
1513 1245
1513 1290
1513 1348
1513 1404
1513 1466
1513 1511
1511 1558
1499 1595
1469 1609
1418 1595
1382 1555
1343 1513
1295 1471
1259 1508
1222 1544
1189 1578
1155 1611
1130 1639
1091 1665
1038 1642
1001 1609
973 1578
937 1541
901 1505
