33
204.8579337658913 277.99785349615615
195.01860137809376 279.7023167381446
185.04884759937252 279.9789130709636
175.36730531894725 277.48117159016743
166.15867489630486 273.61224371369616
157.8631999280566 268.05061470393974
150.85386260931256 260.94626114505775
145.35960850726556 252.60679821021716
141.56800172686152 243.373575610364
139.6114472471017 233.57485469434175
139.56566958369172 223.60062741715123
141.40114159434114 213.7743625207085
145.08511028159077 204.51456231533743
150.5241482411149 196.12689167524502
157.4914048314646 188.97834386377593
165.7141525031384 183.3344498542777
174.89564752222677 179.39147888382152
184.66094787603993 177.28708006817902
194.64574957062806 177.04336745596927
204.49115077433044 178.70484381995456
213.81440737377693 182.28015399510463
222.24137482157914 187.62203145742086
229.47554486529026 194.49098850648522
235.2857768534849 202.61670388564724
239.46469360122367 211.69685757046477
241.83355638911908 221.38558083640802
242.27229462820648 231.35426328660367
240.7268677137979 241.22231535071094
237.27708117313605 250.58863749120405
231.96410077424068 259.05130194519427
225.1308926957906 266.3349204060612
217.17491514957268 272.3685187592871
208.26776509012606 276.8711497475153