75
306 4
251 13
213 27
178 46
146 72
128 94
110 121
96 148
86 176
80 214
79 243
78 274
78 305
78 340
78 370
78 408
78 435
78 458
78 484
78 514
78 541
82 570
98 577
125 558
143 540
156 526
175 545
188 560
200 571
215 586
229 595
251 586
274 561
289 547
301 535
310 526
328 546
343 561
359 576
372 587
386 595
411 581
431 559
447 544
463 526
478 541
491 553
506 568
521 575
539 556
539 534
539 505
540 481
541 459
541 435
541 413
541 382
541 354
541 332
541 306
541 277
540 249
539 217
535 186
528 164
515 133
501 110
485 87
467 67
441 46
416 31
392 20
368 13
346 8
326 4