442
-173.6330493418778 48.05322241139885 -152.53394920486494 44.79257565506077 -165.06016131999053 33.63224933234395 
-152.53394920486494 44.79257565506077 -130.98221993127552 65.62907691983423 -129.12662697323867 42.14578475502524 
-130.98221993127552 65.62907691983423 -107.54322362928218 50.9721435431683 -129.12662697323867 42.14578475502524 
-86.62628195458711 41.492740702887886 -63.30949051649091 57.601541456706514 -57.98512123870313 29.809227158407225 
-57.98512123870313 29.809227158407225 -57.99083325719428 -0.18638895818796186 -76.17185313925167 14.814881827293771 
-57.99083325719428 -0.18638895818796186 -58.05777651104967 -30.187638671727882 -76.21159596207309 -15.146431624042602 
-58.05777651104967 -30.187638671727882 -58.133012355354225 -60.18764972981563 -76.28193461619138 -45.14203489406195 
-58.133012355354225 -60.18764972981563 -58.29515857623727 -90.18810945821477 -76.40089764070649 -75.08958367152705 
-58.29515857623727 -90.18810945821477 -61.489420190462454 -119.88556832984303 -77.89541705072912 -103.10042070106208 
-61.489420190462454 -119.88556832984303 -73.11974475749608 -147.42658172492446 -84.00043454616932 -126.6055654569033 
-73.11974475749608 -147.42658172492446 -92.12668590018882 -170.51543847471896 -96.620090871534 -147.4486643854155 
-92.12668590018882 -170.51543847471896 -116.74647630018009 -187.47068194843303 -114.71515120304245 -164.068105466084 
-116.74647630018009 -187.47068194843303 -145.21119208144967 -196.59984564148837 -136.51309556223129 -174.77944691039087 
-145.21119208144967 -196.59984564148837 -175.10265010471173 -197.00482091562193 -160.4024243057924 -178.68159987563723 
-175.10265010471173 -197.00482091562193 -203.84873573687184 -188.79739606392224 -184.50020602596072 -175.47472019809192 
-203.84873573687184 -188.79739606392224 -229.00951991115062 -172.67932322724184 -206.65806544843213 -165.48544485381618 
-229.00951991115062 -172.67932322724184 -248.6418277013923 -150.11043963785423 -225.1440152399172 -149.49342733572394 
-248.6418277013923 -150.11043963785423 -260.90832071703335 -122.85147055315738 -238.25020241347204 -129.04478889872124 
-260.90832071703335 -122.85147055315738 -264.61024701199017 -93.21963458243174 -244.79593796660848 -105.7913790177469 
-264.61024701199017 -93.21963458243174 -264.81355655457867 -63.22538998473968 -246.52885733112979 -78.09926242348693 
-264.81355655457867 -63.22538998473968 -264.8794166081326 -33.223894337257036 -246.6590464138751 -48.18471662536795 
-264.8794166081326 -33.223894337257036 -264.94553223897594 -3.2243182266048223 -246.72619791343476 -18.184025810802837 
-264.94553223897594 -3.2243182266048223 -264.9671368722753 26.770067761962423 -246.77320438980814 11.785971880572427 
-264.9671368722753 26.770067761962423 -262.25326245288085 56.08681901123043 -238.4415088891269 43.6752494244181 
-238.4415088891269 43.6752494244181 -217.5134383692817 48.798409390154404 -224.8717229546349 33.549860901686564 
-196.18309170290036 67.01961265740431 -173.6330493418778 48.05322241139885 -196.40583356212124 43.86618085572912 
-173.6330493418778 48.05322241139885 -165.06016131999053 33.63224933234395 -178.08885565451646 35.64569870437044 
-165.06016131999053 33.63224933234395 -152.53394920486494 44.79257565506077 -152.03146698546456 31.618799960317464 
-152.53394920486494 44.79257565506077 -129.12662697323867 42.14578475502524 -152.03146698546456 31.618799960317464 
-107.54322362928218 50.9721435431683 -86.62628195458711 41.492740702887886 -102.83133536257763 33.55222012125874 
-86.62628195458711 41.492740702887886 -57.98512123870313 29.809227158407225 -76.17185313925167 14.814881827293771 
-76.17185313925167 14.814881827293771 -57.99083325719428 -0.18638895818796186 -76.21159596207309 -15.146431624042602 
-76.21159596207309 -15.146431624042602 -58.05777651104967 -30.187638671727882 -76.28193461619138 -45.14203489406195 
-76.28193461619138 -45.14203489406195 -58.133012355354225 -60.18764972981563 -76.40089764070649 -75.08958367152705 
-76.40089764070649 -75.08958367152705 -58.29515857623727 -90.18810945821477 -77.89541705072912 -103.10042070106208 
-77.89541705072912 -103.10042070106208 -61.489420190462454 -119.88556832984303 -84.00043454616932 -126.6055654569033 
-84.00043454616932 -126.6055654569033 -73.11974475749608 -147.42658172492446 -96.620090871534 -147.4486643854155 
-96.620090871534 -147.4486643854155 -92.12668590018882 -170.51543847471896 -114.71515120304245 -164.068105466084 
-114.71515120304245 -164.068105466084 -116.74647630018009 -187.47068194843303 -136.51309556223129 -174.77944691039087 
-136.51309556223129 -174.77944691039087 -145.21119208144967 -196.59984564148837 -160.4024243057924 -178.68159987563723 
-160.4024243057924 -178.68159987563723 -175.10265010471173 -197.00482091562193 -184.50020602596072 -175.47472019809192 
-184.50020602596072 -175.47472019809192 -203.84873573687184 -188.79739606392224 -206.65806544843213 -165.48544485381618 
-206.65806544843213 -165.48544485381618 -229.00951991115062 -172.67932322724184 -225.1440152399172 -149.49342733572394 
-225.1440152399172 -149.49342733572394 -248.6418277013923 -150.11043963785423 -238.25020241347204 -129.04478889872124 
-238.25020241347204 -129.04478889872124 -260.90832071703335 -122.85147055315738 -244.79593796660848 -105.7913790177469 
-244.79593796660848 -105.7913790177469 -264.61024701199017 -93.21963458243174 -246.52885733112979 -78.09926242348693 
-246.52885733112979 -78.09926242348693 -264.81355655457867 -63.22538998473968 -246.6590464138751 -48.18471662536795 
-246.6590464138751 -48.18471662536795 -264.8794166081326 -33.223894337257036 -246.72619791343476 -18.184025810802837 
-246.72619791343476 -18.184025810802837 -264.94553223897594 -3.2243182266048223 -246.77320438980814 11.785971880572427 
-246.77320438980814 11.785971880572427 -264.9671368722753 26.770067761962423 -246.78654525087043 30.30750522839971 
-264.9671368722753 26.770067761962423 -238.4415088891269 43.6752494244181 -241.4561011380594 19.14235121395334 
-238.4415088891269 43.6752494244181 -224.8717229546349 33.549860901686564 -241.4561011380594 19.14235121395334 
-224.8717229546349 33.549860901686564 -217.5134383692817 48.798409390154404 -211.9486394087093 36.71341218050943 
-196.18309170290036 67.01961265740431 -196.40583356212124 43.86618085572912 -217.5134383692817 48.798409390154404 
-173.6330493418778 48.05322241139885 -178.08885565451646 35.64569870437044 -183.3826140079996 44.550649580632495 
-178.08885565451646 35.64569870437044 -165.06016131999053 33.63224933234395 -172.79509730103337 26.74074782810838 
-165.06016131999053 33.63224933234395 -152.03146698546456 31.618799960317464 -159.7664029665074 24.727298456081876 
-152.03146698546456 31.618799960317464 -129.12662697323867 42.14578475502524 -134.19740159915574 22.996971033598395 
-129.12662697323867 42.14578475502524 -107.54322362928218 50.9721435431683 -102.83133536257763 33.55222012125874 
-102.83133536257763 33.55222012125874 -86.62628195458711 41.492740702887886 -89.91512387853223 27.698688867421296 
-86.62628195458711 41.492740702887886 -76.17185313925167 14.814881827293771 -89.91512387853223 27.698688867421296 
-76.21159596207309 -15.146431624042602 -76.28193461619138 -45.14203489406195 -94.43063339261248 -30.101592716118386 
-76.28193461619138 -45.14203489406195 -76.40089764070649 -75.08958367152705 -94.49615274400676 -60.04369178185609 
-84.00043454616932 -126.6055654569033 -96.620090871534 -147.4486643854155 -102.94571992476554 -129.37685484584227 
-96.620090871534 -147.4486643854155 -114.71515120304245 -164.068105466084 -115.74262175802693 -144.7888375747371 
-114.71515120304245 -164.068105466084 -136.51309556223129 -174.77944691039087 -132.10752904216878 -156.2094746925691 
-136.51309556223129 -174.77944691039087 -160.4024243057924 -178.68159987563723 -150.82331445214902 -162.24838749319107 
-160.4024243057924 -178.68159987563723 -184.50020602596072 -175.47472019809192 -170.5072476785425 -162.46965623577682 
-184.50020602596072 -175.47472019809192 -206.65806544843213 -165.48544485381618 -189.52345938774923 -157.04759411868167 
-206.65806544843213 -165.48544485381618 -225.1440152399172 -149.49342733572394 -206.20639494432078 -146.2829246020707 
-225.1440152399172 -149.49342733572394 -238.25020241347204 -129.04478889872124 -219.30078057528505 -131.3239043899267 
-238.25020241347204 -129.04478889872124 -244.79593796660848 -105.7913790177469 -227.4264396130374 -113.4499426654246 
-246.6590464138751 -48.18471662536795 -246.72619791343476 -18.184025810802837 -228.50566990020104 -33.14366278492098 
-246.72619791343476 -18.184025810802837 -246.77320438980814 11.785971880572427 -228.5813556052502 -3.1705308032381305 
-224.8717229546349 33.549860901686564 -211.9486394087093 36.71341218050943 -216.4923801401372 27.297433488937983 
-217.5134383692817 48.798409390154404 -196.40583356212124 43.86618085572912 -211.9486394087093 36.71341218050943 
-183.3826140079996 44.550649580632495 -178.08885565451646 35.64569870437044 -186.13407440603714 36.88900369158918 
-178.08885565451646 35.64569870437044 -172.79509730103337 26.74074782810838 -186.13407440603714 36.88900369158918 
-165.06016131999053 33.63224933234395 -159.7664029665074 24.727298456081876 -172.79509730103337 26.74074782810838 
-152.03146698546456 31.618799960317464 -134.19740159915574 22.996971033598395 -148.3411403066189 16.496557922906018 
-134.19740159915574 22.996971033598395 -129.12662697323867 42.14578475502524 -120.05366289169253 29.49738414429077 
-129.12662697323867 42.14578475502524 -102.83133536257763 33.55222012125874 -120.05366289169253 29.49738414429077 
-89.91512387853223 27.698688867421296 -76.17185313925167 14.814881827293771 -90.85388144479698 12.925370233487222 
-76.17185313925167 14.814881827293771 -76.21159596207309 -15.146431624042602 -94.35480555629329 -0.14168209244751923 
-76.21159596207309 -15.146431624042602 -94.43063339261248 -30.101592716118386 -94.35480555629329 -0.14168209244751923 
-76.28193461619138 -45.14203489406195 -94.49615274400676 -60.04369178185609 -94.43063339261248 -30.101592716118386 
-84.00043454616932 -126.6055654569033 -102.94571992476554 -129.37685484584227 -95.15308214390039 -116.50624125756451 
-102.94571992476554 -129.37685484584227 -96.620090871534 -147.4486643854155 -115.74262175802693 -144.7888375747371 
-115.74262175802693 -144.7888375747371 -114.71515120304245 -164.068105466084 -132.10752904216878 -156.2094746925691 
-132.10752904216878 -156.2094746925691 -136.51309556223129 -174.77944691039087 -150.82331445214902 -162.24838749319107 
-150.82331445214902 -162.24838749319107 -160.4024243057924 -178.68159987563723 -170.5072476785425 -162.46965623577682 
-170.5072476785425 -162.46965623577682 -184.50020602596072 -175.47472019809192 -189.52345938774923 -157.04759411868167 
-189.52345938774923 -157.04759411868167 -206.65806544843213 -165.48544485381618 -206.20639494432078 -146.2829246020707 
-206.20639494432078 -146.2829246020707 -225.1440152399172 -149.49342733572394 -219.30078057528505 -131.3239043899267 
-219.30078057528505 -131.3239043899267 -238.25020241347204 -129.04478889872124 -227.4264396130374 -113.4499426654246 
-227.4264396130374 -113.4499426654246 -244.79593796660848 -105.7913790177469 -231.4684313170745 -99.09096206401054 
-244.79593796660848 -105.7913790177469 -246.52885733112979 -78.09926242348693 -231.4684313170745 -99.09096206401054 
-246.6590464138751 -48.18471662536795 -228.50566990020104 -33.14366278492098 -228.4642038492232 -51.66908936280193 
-228.50566990020104 -33.14366278492098 -246.72619791343476 -18.184025810802837 -228.5813556052502 -3.1705308032381305 
-228.5813556052502 -3.1705308032381305 -246.77320438980814 11.785971880572427 -228.6103821044106 15.335942771073197 
-224.8717229546349 33.549860901686564 -216.4923801401372 27.297433488937983 -224.47238422969755 25.343940574276782 
-211.9486394087093 36.71341218050943 -196.40583356212124 43.86618085572912 -199.84110091934383 30.867471221703372 
-183.3826140079996 44.550649580632495 -186.13407440603714 36.88900369158918 -189.40297018929303 42.387810857647445 
-186.13407440603714 36.88900369158918 -172.79509730103337 26.74074782810838 -185.61663902081887 23.728550636487633 
-172.79509730103337 26.74074782810838 -159.7664029665074 24.727298456081876 -167.50133894755027 17.83579695184629 
-159.7664029665074 24.727298456081876 -152.03146698546456 31.618799960317464 -148.3411403066189 16.496557922906018 
-148.3411403066189 16.496557922906018 -134.19740159915574 22.996971033598395 -137.3286049306404 11.17257856068948 
-134.19740159915574 22.996971033598395 -120.05366289169253 29.49738414429077 -123.18486622317721 17.67299167138183 
-120.05366289169253 29.49738414429077 -102.83133536257763 33.55222012125874 -108.98438545218433 21.084320926071562 
-102.83133536257763 33.55222012125874 -89.91512387853223 27.698688867421296 -108.98438545218433 21.084320926071562 
-94.35480555629329 -0.14168209244751923 -94.43063339261248 -30.101592716118386 -112.55495006100698 -15.075669221486688 
-94.43063339261248 -30.101592716118386 -94.49615274400676 -60.04369178185609 -112.614825971708 -45.03292325306459 
-77.89541705072912 -103.10042070106208 -84.00043454616932 -126.6055654569033 -95.15308214390039 -116.50624125756451 
-95.15308214390039 -116.50624125756451 -102.94571992476554 -129.37685484584227 -106.85179586511218 -118.21751245522388 
-102.94571992476554 -129.37685484584227 -115.74262175802693 -144.7888375747371 -118.68718883748531 -129.32513675619143 
-115.74262175802693 -144.7888375747371 -132.10752904216878 -156.2094746925691 -130.84846871007457 -140.57845832665328 
-132.10752904216878 -156.2094746925691 -150.82331445214902 -162.24838749319107 -145.1263180747445 -147.8830891611635 
-150.82331445214902 -162.24838749319107 -170.5072476785425 -162.46965623577682 -160.79941811184497 -150.42627151022776 
-170.5072476785425 -162.46965623577682 -189.52345938774923 -157.04759411868167 -176.72840305915156 -148.23065948054705 
-189.52345938774923 -157.04759411868167 -206.20639494432078 -146.2829246020707 -191.3391930807581 -141.55176715924526 
-206.20639494432078 -146.2829246020707 -219.30078057528505 -131.3239043899267 -203.6851636962403 -130.8653650736839 
-219.30078057528505 -131.3239043899267 -227.4264396130374 -113.4499426654246 -212.5280966504341 -117.461004523272 
-246.52885733112979 -78.09926242348693 -246.6590464138751 -48.18471662536795 -228.4642038492232 -51.66908936280193 
-228.4642038492232 -51.66908936280193 -228.50566990020104 -33.14366278492098 -217.25449385209785 -42.381238616382575 
-228.50566990020104 -33.14366278492098 -228.5813556052502 -3.1705308032381305 -210.37326714383394 -18.111214773786656 
-228.5813556052502 -3.1705308032381305 -228.6103821044106 15.335942771073197 -217.3769154800146 6.100302363876533 
-241.4561011380594 19.14235121395334 -224.8717229546349 33.549860901686564 -224.47238422969755 25.343940574276782 
-224.47238422969755 25.343940574276782 -216.4923801401372 27.297433488937983 -219.29814004177678 21.483066646928087 
-211.9486394087093 36.71341218050943 -199.84110091934383 30.867471221703372 -216.4923801401372 27.297433488937983 
-199.84110091934383 30.867471221703372 -196.40583356212124 43.86618085572912 -190.24341830913426 35.284305878624586 
-183.3826140079996 44.550649580632495 -189.40297018929303 42.387810857647445 -186.13407440603714 36.88900369158918 
-186.13407440603714 36.88900369158918 -185.61663902081887 23.728550636487633 -193.85345738310843 29.995098632148803 
-185.61663902081887 23.728550636487633 -172.79509730103337 26.74074782810838 -167.50133894755027 17.83579695184629 
-167.50133894755027 17.83579695184629 -159.7664029665074 24.727298456081876 -148.3411403066189 16.496557922906018 
-148.3411403066189 16.496557922906018 -137.3286049306404 11.17257856068948 -146.06236358244564 7.158573464861428 
-137.3286049306404 11.17257856068948 -134.19740159915574 22.996971033598395 -123.18486622317721 17.67299167138183 
-123.18486622317721 17.67299167138183 -120.05366289169253 29.49738414429077 -108.98438545218433 21.084320926071562 
-108.98438545218433 21.084320926071562 -89.91512387853223 27.698688867421296 -90.85388144479698 12.925370233487222 
-94.35480555629329 -0.14168209244751923 -112.55495006100698 -15.075669221486688 -112.50812637208017 3.4245755885172118 
-112.55495006100698 -15.075669221486688 -94.43063339261248 -30.101592716118386 -112.614825971708 -45.03292325306459 
-95.15308214390039 -116.50624125756451 -106.85179586511218 -118.21751245522388 -102.03984203545731 -110.26990856451084 
-106.85179586511218 -118.21751245522388 -102.94571992476554 -129.37685484584227 -118.68718883748531 -129.32513675619143 
-118.68718883748531 -129.32513675619143 -115.74262175802693 -144.7888375747371 -130.84846871007457 -140.57845832665328 
-130.84846871007457 -140.57845832665328 -132.10752904216878 -156.2094746925691 -145.1263180747445 -147.8830891611635 
-145.1263180747445 -147.8830891611635 -150.82331445214902 -162.24838749319107 -160.79941811184497 -150.42627151022776 
-160.79941811184497 -150.42627151022776 -170.5072476785425 -162.46965623577682 -176.72840305915156 -148.23065948054705 
-176.72840305915156 -148.23065948054705 -189.52345938774923 -157.04759411868167 -191.3391930807581 -141.55176715924526 
-191.3391930807581 -141.55176715924526 -206.20639494432078 -146.2829246020707 -203.6851636962403 -130.8653650736839 
-203.6851636962403 -130.8653650736839 -219.30078057528505 -131.3239043899267 -212.5280966504341 -117.461004523272 
-228.4642038492232 -51.66908936280193 -217.25449385209785 -42.381238616382575 -217.2288885656192 -53.820689528154276 
-217.25449385209785 -42.381238616382575 -228.50566990020104 -33.14366278492098 -217.28009913857653 -30.941787704610874 
-228.50566990020104 -33.14366278492098 -210.37326714383394 -18.111214773786656 -217.28009913857653 -30.941787704610874 
-228.5813556052502 -3.1705308032381305 -217.3769154800146 6.100302363876533 -217.35899161678313 -5.327445068190999 
-217.3769154800146 6.100302363876533 -228.6103821044106 15.335942771073197 -217.39483934324602 17.528049795944064 
-219.29814004177678 21.483066646928087 -216.4923801401372 27.297433488937983 -224.47238422969755 25.343940574276782 
-216.4923801401372 27.297433488937983 -199.84110091934383 30.867471221703372 -206.0025201714209 18.988150787871913 
-183.3826140079996 44.550649580632495 -186.13407440603714 36.88900369158918 -189.40297018929303 42.387810857647445 
-185.61663902081887 23.728550636487633 -167.50133894755027 17.83579695184629 -180.13128105656688 9.80035675178315 
-167.50133894755027 17.83579695184629 -148.3411403066189 16.496557922906018 -158.73311014164173 5.550924302213849 
-148.3411403066189 16.496557922906018 -146.06236358244564 7.158573464861428 -158.73311014164173 5.550924302213849 
-137.3286049306404 11.17257856068948 -123.18486622317721 17.67299167138183 -126.3160695546619 5.848599198472911 
-123.18486622317721 17.67299167138183 -108.98438545218433 21.084320926071562 -114.01661738102732 10.770072333228232 
-108.98438545218433 21.084320926071562 -90.85388144479698 12.925370233487222 -114.01661738102732 10.770072333228232 
-76.17185313925167 14.814881827293771 -94.35480555629329 -0.14168209244751923 -90.85388144479698 12.925370233487222 
-112.50812637208017 3.4245755885172118 -112.55495006100698 -15.075669221486688 -123.7467156036723 -5.797161463608224 
-112.55495006100698 -15.075669221486688 -112.614825971708 -45.03292325306459 -130.7455081295436 -30.01799839545655 
-95.15308214390039 -116.50624125756451 -102.03984203545731 -110.26990856451084 -94.8158863126531 -109.21319859996264 
-102.03984203545731 -110.26990856451084 -106.85179586511218 -118.21751245522388 -109.26379775826153 -111.32661852905905 
-106.85179586511218 -118.21751245522388 -118.68718883748531 -129.32513675619143 -109.26379775826153 -111.32661852905905 
-130.84846871007457 -140.57845832665328 -145.1263180747445 -147.8830891611635 -142.4155904999539 -135.5752875611046 
-145.1263180747445 -147.8830891611635 -160.79941811184497 -150.42627151022776 -154.50459045780892 -139.6533683840156 
-160.79941811184497 -150.42627151022776 -176.72840305915156 -148.23065948054705 -167.43289152931433 -139.67203156082968 
-176.72840305915156 -148.23065948054705 -191.3391930807581 -141.55176715924526 -179.98493477640386 -136.03389259029154 
-191.3391930807581 -141.55176715924526 -203.6851636962403 -130.8653650736839 -191.03389141172661 -128.72421918533428 
-203.6851636962403 -130.8653650736839 -212.5280966504341 -117.461004523272 -199.98066844267896 -118.80244159089933 
-228.4642038492232 -51.66908936280193 -217.2288885656192 -53.820689528154276 -224.15088448880186 -59.55593736403323 
-217.2288885656192 -53.820689528154276 -217.25449385209785 -42.381238616382575 -210.30689264243654 -48.085441692275324 
-217.25449385209785 -42.381238616382575 -217.28009913857653 -30.941787704610874 -210.30689264243654 -48.085441692275324 
-210.37326714383394 -18.111214773786656 -228.5813556052502 -3.1705308032381305 -217.35899161678313 -5.327445068190999 
-217.35899161678313 -5.327445068190999 -217.3769154800146 6.100302363876533 -210.44024983949237 0.39729441246739244 
-217.3769154800146 6.100302363876533 -217.39483934324602 17.528049795944064 -210.44024983949237 0.39729441246739244 
-216.4923801401372 27.297433488937983 -206.0025201714209 18.988150787871913 -216.2846850901981 16.78365248790273 
-206.0025201714209 18.988150787871913 -199.84110091934383 30.867471221703372 -195.72035525264374 21.192649087841097 
-183.3826140079996 44.550649580632495 -189.40297018929303 42.387810857647445 -186.13407440603714 36.88900369158918 
-185.61663902081887 23.728550636487633 -180.13128105656688 9.80035675178315 -191.317478851742 13.439132152026973 
-180.13128105656688 9.80035675178315 -167.50133894755027 17.83579695184629 -158.73311014164173 5.550924302213849 
-158.73311014164173 5.550924302213849 -146.06236358244564 7.158573464861428 -151.4231513513908 -1.3264830000476486 
-146.06236358244564 7.158573464861428 -137.3286049306404 11.17257856068948 -139.2621229878204 3.871016208712767 
-137.3286049306404 11.17257856068948 -126.3160695546619 5.848599198472911 -139.2621229878204 3.871016208712767 
-123.18486622317721 17.67299167138183 -114.01661738102732 10.770072333228232 -126.3160695546619 5.848599198472911 
-90.85388144479698 12.925370233487222 -94.35480555629329 -0.14168209244751923 -100.52582298729254 8.514166522603057 
-94.35480555629329 -0.14168209244751923 -112.50812637208017 3.4245755885172118 -100.52582298729254 8.514166522603057 
-123.7467156036723 -5.797161463608224 -112.55495006100698 -15.075669221486688 -123.77562923158442 -17.221062633715935 
-112.55495006100698 -15.075669221486688 -130.7455081295436 -30.01799839545655 -123.77562923158442 -17.221062633715935 
-95.15308214390039 -116.50624125756451 -94.8158863126531 -109.21319859996264 -102.03984203545731 -110.26990856451084 
-118.68718883748531 -129.32513675619143 -130.84846871007457 -140.57845832665328 -131.58979242362773 -127.57941342292388 
-130.84846871007457 -140.57845832665328 -142.4155904999539 -135.5752875611046 -131.58979242362773 -127.57941342292388 
-145.1263180747445 -147.8830891611635 -154.50459045780892 -139.6533683840156 -142.4155904999539 -135.5752875611046 
-160.79941811184497 -150.42627151022776 -167.43289152931433 -139.67203156082968 -154.50459045780892 -139.6533683840156 
-176.72840305915156 -148.23065948054705 -179.98493477640386 -136.03389259029154 -167.43289152931433 -139.67203156082968 
-191.3391930807581 -141.55176715924526 -191.03389141172661 -128.72421918533428 -179.98493477640386 -136.03389259029154 
-203.6851636962403 -130.8653650736839 -199.98066844267896 -118.80244159089933 -191.03389141172661 -128.72421918533428 
-228.4642038492232 -51.66908936280193 -224.15088448880186 -59.55593736403323 -231.08869167638503 -58.22732426193626 
-224.15088448880186 -59.55593736403323 -217.2288885656192 -53.820689528154276 -217.21307730121873 -60.8845504661302 
-217.2288885656192 -53.820689528154276 -210.30689264243654 -48.085441692275324 -217.21307730121873 -60.8845504661302 
-217.28009913857653 -30.941787704610874 -210.37326714383394 -18.111214773786656 -206.0485616690032 -28.71354561616007 
-210.37326714383394 -18.111214773786656 -217.35899161678313 -5.327445068190999 -210.44024983949237 0.39729441246739244 
-216.4923801401372 27.297433488937983 -216.2846850901981 16.78365248790273 -224.47238422969755 25.343940574276782 
-216.2846850901981 16.78365248790273 -206.0025201714209 18.988150787871913 -209.8071965595553 11.652670420025721 
-206.0025201714209 18.988150787871913 -195.72035525264374 21.192649087841097 -209.8071965595553 11.652670420025721 
-183.3826140079996 44.550649580632495 -186.13407440603714 36.88900369158918 -189.40297018929303 42.387810857647445 
-185.61663902081887 23.728550636487633 -191.317478851742 13.439132152026973 -193.85345738310843 29.995098632148803 
-180.13128105656688 9.80035675178315 -158.73311014164173 5.550924302213849 -172.00827711618618 -5.296311197727553 
-158.73311014164173 5.550924302213849 -151.4231513513908 -1.3264830000476486 -159.24733735164662 -2.319206357976456 
-151.4231513513908 -1.3264830000476486 -146.06236358244564 7.158573464861428 -139.2621229878204 3.871016208712767 
-139.2621229878204 3.871016208712767 -126.3160695546619 5.848599198472911 -131.5902502961903 -2.98832010267314 
-126.3160695546619 5.848599198472911 -114.01661738102732 10.770072333228232 -117.18285893674137 0.8531891413892936 
-114.01661738102732 10.770072333228232 -90.85388144479698 12.925370233487222 -100.52582298729254 8.514166522603057 
-100.52582298729254 8.514166522603057 -112.50812637208017 3.4245755885172118 -114.01661738102732 10.770072333228232 
-123.7467156036723 -5.797161463608224 -123.77562923158442 -17.221062633715935 -130.6865444541381 -11.491584093260943 
-123.77562923158442 -17.221062633715935 -130.7455081295436 -30.01799839545655 -130.6865444541381 -11.491584093260943 
-95.15308214390039 -116.50624125756451 -102.03984203545731 -110.26990856451084 -94.8158863126531 -109.21319859996264 
-118.68718883748531 -129.32513675619143 -131.58979242362773 -127.57941342292388 -124.08020210234969 -120.63048735320606 
-131.58979242362773 -127.57941342292388 -142.4155904999539 -135.5752875611046 -141.84993255215522 -125.01455918681044 
-142.4155904999539 -135.5752875611046 -154.50459045780892 -139.6533683840156 -141.84993255215522 -125.01455918681044 
-167.43289152931433 -139.67203156082968 -179.98493477640386 -136.03389259029154 -171.50340861318148 -130.2436902506333 
-179.98493477640386 -136.03389259029154 -191.03389141172661 -128.72421918533428 -171.50340861318148 -130.2436902506333 
-199.98066844267896 -118.80244159089933 -212.5280966504341 -117.461004523272 -205.44117954186035 -110.52524895107048 
-228.4642038492232 -51.66908936280193 -231.08869167638503 -58.22732426193626 -224.15088448880186 -59.55593736403323 
-224.15088448880186 -59.55593736403323 -217.21307730121873 -60.8845504661302 -221.48740978375795 -64.42606600476384 
-217.21307730121873 -60.8845504661302 -210.30689264243654 -48.085441692275324 -206.00093763109638 -58.67164802959353 
-210.30689264243654 -48.085441692275324 -217.28009913857653 -30.941787704610874 -206.0485616690032 -28.71354561616007 
-206.0485616690032 -28.71354561616007 -210.37326714383394 -18.111214773786656 -201.78359291227565 -20.79066683142445 
-210.37326714383394 -18.111214773786656 -210.44024983949237 0.39729441246739244 -199.1865710926891 -8.81635407942193 
-189.40297018929303 42.387810857647445 -186.13407440603714 36.88900369158918 -183.3826140079996 44.550649580632495 
-180.13128105656688 9.80035675178315 -172.00827711618618 -5.296311197727553 -185.22164765607184 -2.6722866601345094 
-172.00827711618618 -5.296311197727553 -158.73311014164173 5.550924302213849 -159.24733735164662 -2.319206357976456 
-159.24733735164662 -2.319206357976456 -151.4231513513908 -1.3264830000476486 -154.73343779869424 -6.566005367097011 
-151.4231513513908 -1.3264830000476486 -139.2621229878204 3.871016208712767 -131.5902502961903 -2.98832010267314 
-131.5902502961903 -2.98832010267314 -126.3160695546619 5.848599198472911 -117.18285893674137 0.8531891413892936 
-117.18285893674137 0.8531891413892936 -114.01661738102732 10.770072333228232 -112.50812637208017 3.4245755885172118 
-112.50812637208017 3.4245755885172118 -123.7467156036723 -5.797161463608224 -117.18285893674137 0.8531891413892936 
-130.6865444541381 -11.491584093260943 -130.7455081295436 -30.01799839545655 -141.94706809049902 -20.719046415797774 
-130.7455081295436 -30.01799839545655 -112.614825971708 -45.03292325306459 -130.78248150440123 -48.51660275984305 
-95.15308214390039 -116.50624125756451 -94.8158863126531 -109.21319859996264 -102.03984203545731 -110.26990856451084 
-118.68718883748531 -129.32513675619143 -124.08020210234969 -120.63048735320606 -116.11284438795535 -121.70847151149219 
-124.08020210234969 -120.63048735320606 -131.58979242362773 -127.57941342292388 -141.84993255215522 -125.01455918681044 
-141.84993255215522 -125.01455918681044 -154.50459045780892 -139.6533683840156 -157.05156795708967 -124.66248512970398 
-154.50459045780892 -139.6533683840156 -167.43289152931433 -139.67203156082968 -157.05156795708967 -124.66248512970398 
-171.50340861318148 -130.2436902506333 -191.03389141172661 -128.72421918533428 -180.3475196324537 -117.64422874184393 
-191.03389141172661 -128.72421918533428 -199.98066844267896 -118.80244159089933 -180.3475196324537 -117.64422874184393 
-224.15088448880186 -59.55593736403323 -221.48740978375795 -64.42606600476384 -217.21307730121873 -60.8845504661302 
-210.30689264243654 -48.085441692275324 -206.0485616690032 -28.71354561616007 -196.43413927080854 -40.98096961470524 
-206.0485616690032 -28.71354561616007 -201.78359291227565 -20.79066683142445 -199.11308728158394 -27.3376061265501 
-201.78359291227565 -20.79066683142445 -210.37326714383394 -18.111214773786656 -199.1865710926891 -8.81635407942193 
-199.1865710926891 -8.81635407942193 -210.44024983949237 0.39729441246739244 -199.22793290725792 2.612650343020227 
-191.317478851742 13.439132152026973 -180.13128105656688 9.80035675178315 -185.22164765607184 -2.6722866601345094 
-185.22164765607184 -2.6722866601345094 -172.00827711618618 -5.296311197727553 -180.20569272291735 -11.994479118900495 
-172.00827711618618 -5.296311197727553 -159.24733735164662 -2.319206357976456 -154.73343779869424 -6.566005367097011 
-154.73343779869424 -6.566005367097011 -151.4231513513908 -1.3264830000476486 -149.90200294356575 -5.952998693579726 
-151.4231513513908 -1.3264830000476486 -131.5902502961903 -2.98832010267314 -149.90200294356575 -5.952998693579726 
-117.18285893674137 0.8531891413892936 -123.7467156036723 -5.797161463608224 -131.5902502961903 -2.98832010267314 
-130.6865444541381 -11.491584093260943 -141.94706809049902 -20.719046415797774 -141.91065802093635 -9.278985584261772 
-141.94706809049902 -20.719046415797774 -130.7455081295436 -30.01799839545655 -141.98347816006168 -32.15910724733377 
-130.7455081295436 -30.01799839545655 -130.78248150440123 -48.51660275984305 -141.98347816006168 -32.15910724733377 
-95.15308214390039 -116.50624125756451 -102.03984203545731 -110.26990856451084 -94.8158863126531 -109.21319859996264 
-124.08020210234969 -120.63048735320606 -141.84993255215522 -125.01455918681044 -135.6227696331809 -112.05019667851002 
-141.84993255215522 -125.01455918681044 -157.05156795708967 -124.66248512970398 -149.23731670039618 -115.62302045048492 
-157.05156795708967 -124.66248512970398 -167.43289152931433 -139.67203156082968 -171.50340861318148 -130.2436902506333 
-171.50340861318148 -130.2436902506333 -180.3475196324537 -117.64422874184393 -168.28744650442565 -118.58250212466037 
-224.15088448880186 -59.55593736403323 -217.21307730121873 -60.8845504661302 -221.48740978375795 -64.42606600476384 
-217.21307730121873 -60.8845504661302 -206.00093763109638 -58.67164802959353 -221.48740978375795 -64.42606600476384 
-210.30689264243654 -48.085441692275324 -196.43413927080854 -40.98096961470524 -206.00093763109638 -58.67164802959353 
-206.0485616690032 -28.71354561616007 -199.11308728158394 -27.3376061265501 -201.78359291227565 -20.79066683142445 
-201.78359291227565 -20.79066683142445 -199.1865710926891 -8.81635407942193 -193.2260406772537 -16.377871264376235 
-199.1865710926891 -8.81635407942193 -199.22793290725792 2.612650343020227 -192.27878628114928 -3.0767776006867207 
-199.22793290725792 2.612650343020227 -210.44024983949237 0.39729441246739244 -206.17707953336654 8.302078286727175 
-180.20569272291735 -11.994479118900495 -172.00827711618618 -5.296311197727553 -172.04643641458773 -13.614814270854307 
-172.00827711618618 -5.296311197727553 -154.73343779869424 -6.566005367097011 -172.04643641458773 -13.614814270854307 
-123.7467156036723 -5.797161463608224 -130.6865444541381 -11.491584093260943 -131.5902502961903 -2.98832010267314 
-141.91065802093635 -9.278985584261772 -141.94706809049902 -20.719046415797774 -148.86403136634678 -14.976943568393509 
-141.94706809049902 -20.719046415797774 -141.98347816006168 -32.15910724733377 -148.86403136634678 -14.976943568393509 
-130.78248150440123 -48.51660275984305 -112.614825971708 -45.03292325306459 -119.58678527200607 -57.78831885935945 
-112.614825971708 -45.03292325306459 -94.49615274400676 -60.04369178185609 -119.58678527200607 -57.78831885935945 
-95.15308214390039 -116.50624125756451 -94.8158863126531 -109.21319859996264 -102.03984203545731 -110.26990856451084 
-124.08020210234969 -120.63048735320606 -135.6227696331809 -112.05019667851002 -124.6499610804929 -109.34303232127583 
-135.6227696331809 -112.05019667851002 -141.84993255215522 -125.01455918681044 -149.23731670039618 -115.62302045048492 
-149.23731670039618 -115.62302045048492 -157.05156795708967 -124.66248512970398 -158.62432656288593 -115.405614720223 
-157.05156795708967 -124.66248512970398 -171.50340861318148 -130.2436902506333 -168.28744650442565 -118.58250212466037 
-168.28744650442565 -118.58250212466037 -180.3475196324537 -117.64422874184393 -173.74868505879294 -110.80233464303036 
-224.15088448880186 -59.55593736403323 -221.48740978375795 -64.42606600476384 -225.7715057220644 -63.60564741422396 
-196.43413927080854 -40.98096961470524 -206.0485616690032 -28.71354561616007 -193.80461989472948 -29.018823787777055 
-206.0485616690032 -28.71354561616007 -201.78359291227565 -20.79066683142445 -193.80461989472948 -29.018823787777055 
-193.2260406772537 -16.377871264376235 -199.1865710926891 -8.81635407942193 -192.27878628114928 -3.0767776006867207 
-192.27878628114928 -3.0767776006867207 -199.22793290725792 2.612650343020227 -192.30432720164538 3.980632630128266 
-199.22793290725792 2.612650343020227 -206.17707953336654 8.302078286727175 -192.30432720164538 3.980632630128266 
-180.20569272291735 -11.994479118900495 -172.04643641458773 -13.614814270854307 -177.10834055171335 -17.75093296215337 
-172.04643641458773 -13.614814270854307 -154.73343779869424 -6.566005367097011 -159.11682380270986 -20.585857450855876 
-154.73343779869424 -6.566005367097011 -149.90200294356575 -5.952998693579726 -151.94610482476315 -9.188403755212962 
-149.90200294356575 -5.952998693579726 -131.5902502961903 -2.98832010267314 -130.6865444541381 -11.491584093260943 
-148.86403136634678 -14.976943568393509 -141.98347816006168 -32.15910724733377 -155.839887929712 -27.73913911595562 
-141.98347816006168 -32.15910724733377 -130.78248150440123 -48.51660275984305 -146.29918449146672 -47.12809835960815 
-130.78248150440123 -48.51660275984305 -119.58678527200607 -57.78831885935945 -130.8053125633757 -59.93949095478202 
-95.15308214390039 -116.50624125756451 -102.03984203545731 -110.26990856451084 -94.8158863126531 -109.21319859996264 
-124.08020210234969 -120.63048735320606 -124.6499610804929 -109.34303232127583 -116.11284438795535 -121.70847151149219 
-135.6227696331809 -112.05019667851002 -149.23731670039618 -115.62302045048492 -144.59595247162008 -105.58322802968061 
-149.23731670039618 -115.62302045048492 -158.62432656288593 -115.405614720223 -144.59595247162008 -105.58322802968061 
-157.05156795708967 -124.66248512970398 -168.28744650442565 -118.58250212466037 -158.62432656288593 -115.405614720223 
-173.74868505879294 -110.80233464303036 -180.3475196324537 -117.64422874184393 -181.1957802153048 -110.22295082914476 
-180.3475196324537 -117.64422874184393 -199.98066844267896 -118.80244159089933 -181.1957802153048 -110.22295082914476 
-224.15088448880186 -59.55593736403323 -225.7715057220644 -63.60564741422396 -221.48740978375795 -64.42606600476384 
-196.43413927080854 -40.98096961470524 -193.80461989472948 -29.018823787777055 -187.8677140638805 -36.59395810683249 
-193.80461989472948 -29.018823787777055 -201.78359291227565 -20.79066683142445 -193.2260406772537 -16.377871264376235 
-193.2260406772537 -16.377871264376235 -192.27878628114928 -3.0767776006867207 -184.6890539716329 -10.30156689213958 
-192.27878628114928 -3.0767776006867207 -192.30432720164538 3.980632630128266 -184.6890539716329 -10.30156689213958 
-217.39483934324602 17.528049795944064 -228.6103821044106 15.335942771073197 -224.33150498376824 23.231057747353223 
-180.20569272291735 -11.994479118900495 -177.10834055171335 -17.75093296215337 -172.04643641458773 -13.614814270854307 
-172.04643641458773 -13.614814270854307 -159.11682380270986 -20.585857450855876 -169.80760044795886 -24.93849694889945 
-159.11682380270986 -20.585857450855876 -154.73343779869424 -6.566005367097011 -151.94610482476315 -9.188403755212962 
-151.94610482476315 -9.188403755212962 -149.90200294356575 -5.952998693579726 -148.9626938017395 -8.809872134318352 
-149.90200294356575 -5.952998693579726 -130.6865444541381 -11.491584093260943 -141.91065802093635 -9.278985584261772 
-141.91065802093635 -9.278985584261772 -148.86403136634678 -14.976943568393509 -149.90200294356575 -5.952998693579726 
-155.839887929712 -27.73913911595562 -141.98347816006168 -32.15910724733377 -146.29918449146672 -47.12809835960815 
-146.29918449146672 -47.12809835960815 -130.78248150440123 -48.51660275984305 -130.8053125633757 -59.93949095478202 
-77.89541705072912 -103.10042070106208 -95.15308214390039 -116.50624125756451 -94.8158863126531 -109.21319859996264 
-109.26379775826153 -111.32661852905905 -118.68718883748531 -129.32513675619143 -116.11284438795535 -121.70847151149219 
-116.11284438795535 -121.70847151149219 -124.6499610804929 -109.34303232127583 -112.8852536068872 -110.35039996484375 
-144.59595247162008 -105.58322802968061 -158.62432656288593 -115.405614720223 -157.5646449970852 -101.99017153921602 
-158.62432656288593 -115.405614720223 -168.28744650442565 -118.58250212466037 -173.74868505879294 -110.80233464303036 
-173.74868505879294 -110.80233464303036 -181.1957802153048 -110.22295082914476 -177.12099986609417 -105.99808122315318 
-224.15088448880186 -59.55593736403323 -221.48740978375795 -64.42606600476384 -225.7715057220644 -63.60564741422396 
-196.43413927080854 -40.98096961470524 -187.8677140638805 -36.59395810683249 -189.4914422785994 -43.980583154915585 
-187.8677140638805 -36.59395810683249 -193.80461989472948 -29.018823787777055 -186.24398584916162 -29.20733305874939 
-193.80461989472948 -29.018823787777055 -193.2260406772537 -16.377871264376235 -186.24398584916162 -29.20733305874939 
-180.20569272291735 -11.994479118900495 -172.04643641458773 -13.614814270854307 -177.10834055171335 -17.75093296215337 
-172.04643641458773 -13.614814270854307 -169.80760044795886 -24.93849694889945 -177.10834055171335 -17.75093296215337 
-159.11682380270986 -20.585857450855876 -151.94610482476315 -9.188403755212962 -148.9626938017395 -8.809872134318352 
-148.9626938017395 -8.809872134318352 -149.90200294356575 -5.952998693579726 -148.86403136634678 -14.976943568393509 
-146.29918449146672 -47.12809835960815 -130.8053125633757 -59.93949095478202 -146.31874253907492 -62.926455342043525 
-116.11284438795535 -121.70847151149219 -112.8852536068872 -110.35039996484375 -109.26379775826153 -111.32661852905905 
-144.59595247162008 -105.58322802968061 -157.5646449970852 -101.99017153921602 -148.90212399578138 -95.9248477578431 
-157.5646449970852 -101.99017153921602 -158.62432656288593 -115.405614720223 -173.74868505879294 -110.80233464303036 
-173.74868505879294 -110.80233464303036 -177.12099986609417 -105.99808122315318 -181.1957802153048 -110.22295082914476 
-224.15088448880186 -59.55593736403323 -225.7715057220644 -63.60564741422396 -221.48740978375795 -64.42606600476384 
-196.43413927080854 -40.98096961470524 -189.4914422785994 -43.980583154915585 -194.78120984384523 -46.689562761010485 
-189.4914422785994 -43.980583154915585 -187.8677140638805 -36.59395810683249 -184.2016747133536 -41.27160354882068 
-187.8677140638805 -36.59395810683249 -186.24398584916162 -29.20733305874939 -184.2016747133536 -41.27160354882068 
-193.2260406772537 -16.377871264376235 -184.6890539716329 -10.30156689213958 -186.24398584916162 -29.20733305874939 
-192.30432720164538 3.980632630128266 -206.17707953336654 8.302078286727175 -196.62096616373736 14.551264616160847 
-180.20569272291735 -11.994479118900495 -177.10834055171335 -17.75093296215337 -182.14668132207615 -16.75037600582799 
-177.10834055171335 -17.75093296215337 -169.80760044795886 -24.93849694889945 -182.14668132207615 -16.75037600582799 
-159.11682380270986 -20.585857450855876 -148.9626938017395 -8.809872134318352 -148.86403136634678 -14.976943568393509 
-148.86403136634678 -14.976943568393509 -155.839887929712 -27.73913911595562 -159.11682380270986 -20.585857450855876 
-146.29918449146672 -47.12809835960815 -146.31874253907492 -62.926455342043525 -155.88620845461276 -55.01542041457191 
-146.31874253907492 -62.926455342043525 -130.8053125633757 -59.93949095478202 -136.75127662353705 -70.83749026951514 
-102.03984203545731 -110.26990856451084 -109.26379775826153 -111.32661852905905 -112.8852536068872 -110.35039996484375 
-135.6227696331809 -112.05019667851002 -144.59595247162008 -105.58322802968061 -136.18896965766592 -103.37700935049958 
-144.59595247162008 -105.58322802968061 -148.90212399578138 -95.9248477578431 -136.18896965766592 -103.37700935049958 
-157.5646449970852 -101.99017153921602 -173.74868505879294 -110.80233464303036 -170.9987550050483 -96.58520021066069 
-173.74868505879294 -110.80233464303036 -181.1957802153048 -110.22295082914476 -170.9987550050483 -96.58520021066069 
-228.4642038492232 -51.66908936280193 -224.15088448880186 -59.55593736403323 -231.08869167638503 -58.22732426193626 
-224.15088448880186 -59.55593736403323 -221.48740978375795 -64.42606600476384 -225.7715057220644 -63.60564741422396 
-196.43413927080854 -40.98096961470524 -194.78120984384523 -46.689562761010485 -189.4914422785994 -43.980583154915585 
-189.4914422785994 -43.980583154915585 -184.2016747133536 -41.27160354882068 -185.20432688593644 -45.83284451598417 
-184.2016747133536 -41.27160354882068 -186.24398584916162 -29.20733305874939 -177.90925497552502 -34.001382975562265 
-180.20569272291735 -11.994479118900495 -182.14668132207615 -16.75037600582799 -185.22164765607184 -2.6722866601345094 
-169.80760044795886 -24.93849694889945 -159.11682380270986 -20.585857450855876 -155.839887929712 -27.73913911595562 
-155.839887929712 -27.73913911595562 -146.29918449146672 -47.12809835960815 -162.8234680910901 -43.21736282099801 
-146.29918449146672 -47.12809835960815 -155.88620845461276 -55.01542041457191 -162.8234680910901 -43.21736282099801 
-146.31874253907492 -62.926455342043525 -136.75127662353705 -70.83749026951514 -146.33081963347288 -72.68194077863788 
-135.6227696331809 -112.05019667851002 -136.18896965766592 -103.37700935049958 -124.6499610804929 -109.34303232127583 
-148.90212399578138 -95.9248477578431 -157.5646449970852 -101.99017153921602 -156.91029163020724 -93.70613537499476 
-157.5646449970852 -101.99017153921602 -170.9987550050483 -96.58520021066069 -156.91029163020724 -93.70613537499476 
-231.08869167638503 -58.22732426193626 -224.15088448880186 -59.55593736403323 -228.4642038492232 -51.66908936280193 
-225.7715057220644 -63.60564741422396 -221.48740978375795 -64.42606600476384 -224.15088448880186 -59.55593736403323 
-206.00093763109638 -58.67164802959353 -196.43413927080854 -40.98096961470524 -189.4914422785994 -43.980583154915585 
-189.4914422785994 -43.980583154915585 -185.20432688593644 -45.83284451598417 -184.2016747133536 -41.27160354882068 
-184.2016747133536 -41.27160354882068 -177.90925497552502 -34.001382975562265 -176.64812784917126 -41.45107000313585 
-177.90925497552502 -34.001382975562265 -186.24398584916162 -29.20733305874939 -179.17038210187877 -26.55169594798869 
-186.24398584916162 -29.20733305874939 -184.6890539716329 -10.30156689213958 -179.17038210187877 -26.55169594798869 
-155.839887929712 -27.73913911595562 -162.8234680910901 -43.21736282099801 -169.80760044795886 -24.93849694889945 
-155.88620845461276 -55.01542041457191 -146.31874253907492 -62.926455342043525 -155.89828554901075 -64.77090585116625 
-146.31874253907492 -62.926455342043525 -146.33081963347288 -72.68194077863788 -155.89828554901075 -64.77090585116625 
-156.91029163020724 -93.70613537499476 -170.9987550050483 -96.58520021066069 -165.69986361839923 -86.60499076484219 
-228.4642038492232 -51.66908936280193 -224.15088448880186 -59.55593736403323 -231.08869167638503 -58.22732426193626 
-224.15088448880186 -59.55593736403323 -221.48740978375795 -64.42606600476384 -225.7715057220644 -63.60564741422396 
-189.4914422785994 -43.980583154915585 -184.2016747133536 -41.27160354882068 -185.20432688593644 -45.83284451598417 
-184.2016747133536 -41.27160354882068 -176.64812784917126 -41.45107000313585 -185.20432688593644 -45.83284451598417 
-177.90925497552502 -34.001382975562265 -179.17038210187877 -26.55169594798869 -174.02368578743958 -29.512021771602583 
-162.8234680910901 -43.21736282099801 -155.88620845461276 -55.01542041457191 -166.5070305867576 -53.32188177224985 
-155.88620845461276 -55.01542041457191 -155.89828554901075 -64.77090585116625 -166.5070305867576 -53.32188177224985 
-146.33081963347288 -72.68194077863788 -136.75127662353705 -70.83749026951514 -140.4229094306643 -77.56700484632181 
-156.91029163020724 -93.70613537499476 -165.69986361839923 -86.60499076484219 -157.00023748448794 -84.82716822882932 
-165.69986361839923 -86.60499076484219 -170.9987550050483 -96.58520021066069 -174.39948975231053 -88.38281330085505 
-228.4642038492232 -51.66908936280193 -231.08869167638503 -58.22732426193626 -224.15088448880186 -59.55593736403323 
-224.15088448880186 -59.55593736403323 -225.7715057220644 -63.60564741422396 -221.48740978375795 -64.42606600476384 
-189.4914422785994 -43.980583154915585 -185.20432688593644 -45.83284451598417 -188.47075835745576 -47.50563942273756 
-185.20432688593644 -45.83284451598417 -176.64812784917126 -41.45107000313585 -188.47075835745576 -47.50563942273756 
-177.90925497552502 -34.001382975562265 -174.02368578743958 -29.512021771602583 -179.17038210187877 -26.55169594798869 
-162.8234680910901 -43.21736282099801 -166.5070305867576 -53.32188177224985 -170.79078841225623 -46.03658120826242 
-166.5070305867576 -53.32188177224985 -155.89828554901075 -64.77090585116625 -168.14326005846553 -65.4776037051477 
-155.89828554901075 -64.77090585116625 -146.33081963347288 -72.68194077863788 -155.91036264340872 -74.52639128776062 
-146.33081963347288 -72.68194077863788 -140.4229094306643 -77.56700484632181 -155.91036264340872 -74.52639128776062 
-156.91029163020724 -93.70613537499476 -157.00023748448794 -84.82716822882932 -148.90212399578138 -95.9248477578431 
-165.69986361839923 -86.60499076484219 -174.39948975231053 -88.38281330085505 -171.1274243210747 -82.22003396809971 
-174.39948975231053 -88.38281330085505 -170.9987550050483 -96.58520021066069 -177.67155518354636 -94.54559263361037 
-170.9987550050483 -96.58520021066069 -181.1957802153048 -110.22295082914476 -177.67155518354636 -94.54559263361037 
-228.4642038492232 -51.66908936280193 -224.15088448880186 -59.55593736403323 -231.08869167638503 -58.22732426193626 
-224.15088448880186 -59.55593736403323 -221.48740978375795 -64.42606600476384 -225.7715057220644 -63.60564741422396 
-189.4914422785994 -43.980583154915585 -188.47075835745576 -47.50563942273756 -191.118052112409 -46.36186803228469 
-188.47075835745576 -47.50563942273756 -176.64812784917126 -41.45107000313585 -178.8890554548863 -51.64544356471189 
-176.64812784917126 -41.45107000313585 -177.90925497552502 -34.001382975562265 -172.76255866108582 -36.961708799176165 
-177.90925497552502 -34.001382975562265 -179.17038210187877 -26.55169594798869 -174.02368578743958 -29.512021771602583 
-162.8234680910901 -43.21736282099801 -170.79078841225623 -46.03658120826242 -168.5161885711954 -39.79704075590246 
-170.79078841225623 -46.03658120826242 -166.5070305867576 -53.32188177224985 -173.06538825331702 -52.27612166062237 
-166.5070305867576 -53.32188177224985 -168.14326005846553 -65.4776037051477 -173.06538825331702 -52.27612166062237 
-155.89828554901075 -64.77090585116625 -155.91036264340872 -74.52639128776062 -168.14326005846553 -65.4776037051477 
-148.90212399578138 -95.9248477578431 -157.00023748448794 -84.82716822882932 -146.22357006354002 -85.46678759059685 
-157.00023748448794 -84.82716822882932 -165.69986361839923 -86.60499076484219 -171.1274243210747 -82.22003396809971 
-171.1274243210747 -82.22003396809971 -174.39948975231053 -88.38281330085505 -176.49944345873215 -83.31783938408095 
-174.39948975231053 -88.38281330085505 -177.67155518354636 -94.54559263361037 -176.49944345873215 -83.31783938408095 
-231.08869167638503 -58.22732426193626 -224.15088448880186 -59.55593736403323 -228.4642038492232 -51.66908936280193 
-225.7715057220644 -63.60564741422396 -221.48740978375795 -64.42606600476384 -224.15088448880186 -59.55593736403323 
-191.118052112409 -46.36186803228469 -188.47075835745576 -47.50563942273756 -189.4914422785994 -43.980583154915585 
-178.8890554548863 -51.64544356471189 -176.64812784917126 -41.45107000313585 -172.76255866108582 -36.961708799176165 
-172.76255866108582 -36.961708799176165 -177.90925497552502 -34.001382975562265 -174.02368578743958 -29.512021771602583 
-174.02368578743958 -29.512021771602583 -179.17038210187877 -26.55169594798869 -174.80243178795828 -24.911840032103967 
-162.8234680910901 -43.21736282099801 -168.5161885711954 -39.79704075590246 -170.79078841225623 -46.03658120826242 
-170.79078841225623 -46.03658120826242 -173.06538825331702 -52.27612166062237 -175.7106087105463 -47.77744856238758 
-173.06538825331702 -52.27612166062237 -168.14326005846553 -65.4776037051477 -178.6072973285644 -61.860744323067266 
-168.14326005846553 -65.4776037051477 -155.91036264340872 -74.52639128776062 -167.51234729490338 -77.41779744274588 
-136.18896965766592 -103.37700935049958 -148.90212399578138 -95.9248477578431 -146.22357006354002 -85.46678759059685 
-146.22357006354002 -85.46678759059685 -157.00023748448794 -84.82716822882932 -151.2241551427858 -78.61397048147265 
-157.00023748448794 -84.82716822882932 -171.1274243210747 -82.22003396809971 -151.2241551427858 -78.61397048147265 
-224.15088448880186 -59.55593736403323 -221.48740978375795 -64.42606600476384 -225.7715057220644 -63.60564741422396 
-189.4914422785994 -43.980583154915585 -188.47075835745576 -47.50563942273756 -191.118052112409 -46.36186803228469 
-188.47075835745576 -47.50563942273756 -178.8890554548863 -51.64544356471189 -186.18952979370744 -55.384140181293134 
-174.02368578743958 -29.512021771602583 -174.80243178795828 -24.911840032103967 -179.17038210187877 -26.55169594798869 
-162.8234680910901 -43.21736282099801 -170.79078841225623 -46.03658120826242 -175.7106087105463 -47.77744856238758 
-175.7106087105463 -47.77744856238758 -173.06538825331702 -52.27612166062237 -178.6072973285644 -61.860744323067266 
-178.6072973285644 -61.860744323067266 -168.14326005846553 -65.4776037051477 -167.51234729490338 -77.41779744274588 
-146.22357006354002 -85.46678759059685 -151.2241551427858 -78.61397048147265 -144.56956301039105 -79.0089354373617 
