222
-173.6330493418778 48.05322241139885 -152.53394920486494 44.79257565506077 -165.907302197113 28.150542317678585 
-152.53394920486494 44.79257565506077 -130.98221993127552 65.62907691983423 -123.7131451468823 36.54648124112998 
-130.98221993127552 65.62907691983423 -107.54322362928218 50.9721435431683 -123.7131451468823 36.54648124112998 
-86.62628195458711 41.492740702887886 -63.30949051649091 57.601541456706514 -57.98512123870313 29.809227158407225 
-57.98512123870313 29.809227158407225 -57.99083325719428 -0.18638895818796186 -83.96494280695293 14.816365853229831 
-57.99083325719428 -0.18638895818796186 -58.05777651104967 -30.187638671727882 -84.006149281195 -15.129039256507465 
-58.05777651104967 -30.187638671727882 -58.133012355354225 -60.18764972981563 -84.07616612318685 -45.122488048329174 
-58.133012355354225 -60.18764972981563 -58.29515857623727 -90.18810945821477 -84.19524571566824 -75.04745684760356 
-58.29515857623727 -90.18810945821477 -61.489420190462454 -119.88556832984303 -85.61104319389167 -102.27052718979058 
-61.489420190462454 -119.88556832984303 -73.11974475749608 -147.42658172492446 -91.15579971996506 -123.58391849812598 
-73.11974475749608 -147.42658172492446 -92.12668590018882 -170.51543847471896 -102.61875181840182 -142.51051622209854 
-92.12668590018882 -170.51543847471896 -116.74647630018009 -187.47068194843303 -119.12025267569588 -157.67169628944458 
-116.74647630018009 -187.47068194843303 -145.21119208144967 -196.59984564148837 -138.88492186426686 -167.38409681700378 
-145.21119208144967 -196.59984564148837 -175.10265010471173 -197.00482091562193 -160.50763996838316 -170.9155712743867 
-175.10265010471173 -197.00482091562193 -203.84873573687184 -188.79739606392224 -182.36785449960456 -168.00626807308615 
-203.84873573687184 -188.79739606392224 -229.00951991115062 -172.67932322724184 -202.47046728746963 -158.9484813716308 
-229.00951991115062 -172.67932322724184 -248.6418277013923 -150.11043963785423 -219.28044728290823 -144.39280415137074 
-248.6418277013923 -150.11043963785423 -260.90832071703335 -122.85147055315738 -231.1681145010117 -125.8578605286707 
-260.90832071703335 -122.85147055315738 -264.61024701199017 -93.21963458243174 -237.09736115322136 -104.82959035344078 
-264.61024701199017 -93.21963458243174 -264.81355655457867 -63.22538998473968 -238.73612399449206 -78.04644105487317 
-264.81355655457867 -63.22538998473968 -264.8794166081326 -33.223894337257036 -238.86442919924056 -48.16760568152634 
-264.8794166081326 -33.223894337257036 -264.94553223897594 -3.2243182266048223 -238.93207940909784 -18.166848466033656 
-264.94553223897594 -3.2243182266048223 -264.9671368722753 26.770067761962423 -238.9804343187435 11.79158492895541 
-264.9671368722753 26.770067761962423 -262.25326245288085 56.08681901123043 -238.4415088891269 43.6752494244181 
-238.4415088891269 43.6752494244181 -217.5134383692817 48.798409390154404 -223.54068695124798 28.11258868500098 
-196.18309170290036 67.01961265740431 -173.6330493418778 48.05322241139885 -201.33344629343503 38.007507993440925 
-173.6330493418778 48.05322241139885 -165.907302197113 28.150542317678585 -187.00640233396368 31.4111890739916 
-165.907302197113 28.150542317678585 -152.53394920486494 44.79257565506077 -144.80820206026237 24.88989556136557 
-152.53394920486494 44.79257565506077 -123.7131451468823 36.54648124112998 -144.80820206026237 24.88989556136557 
-107.54322362928218 50.9721435431683 -86.62628195458711 41.492740702887886 -105.29415646428177 28.117839263357588 
-86.62628195458711 41.492740702887886 -57.98512123870313 29.809227158407225 -83.96494280695293 14.816365853229831 
-83.96494280695293 14.816365853229831 -57.99083325719428 -0.18638895818796186 -84.006149281195 -15.129039256507465 
-84.006149281195 -15.129039256507465 -58.05777651104967 -30.187638671727882 -84.07616612318685 -45.122488048329174 
-84.07616612318685 -45.122488048329174 -58.133012355354225 -60.18764972981563 -84.19524571566824 -75.04745684760356 
-84.19524571566824 -75.04745684760356 -58.29515857623727 -90.18810945821477 -85.61104319389167 -102.27052718979058 
-85.61104319389167 -102.27052718979058 -61.489420190462454 -119.88556832984303 -91.15579971996506 -123.58391849812598 
-91.15579971996506 -123.58391849812598 -73.11974475749608 -147.42658172492446 -102.61875181840182 -142.51051622209854 
-102.61875181840182 -142.51051622209854 -92.12668590018882 -170.51543847471896 -119.12025267569588 -157.67169628944458 
-119.12025267569588 -157.67169628944458 -116.74647630018009 -187.47068194843303 -138.88492186426686 -167.38409681700378 
-138.88492186426686 -167.38409681700378 -145.21119208144967 -196.59984564148837 -160.50763996838316 -170.9155712743867 
-160.50763996838316 -170.9155712743867 -175.10265010471173 -197.00482091562193 -182.36785449960456 -168.00626807308615 
-182.36785449960456 -168.00626807308615 -203.84873573687184 -188.79739606392224 -202.47046728746963 -158.9484813716308 
-202.47046728746963 -158.9484813716308 -229.00951991115062 -172.67932322724184 -219.28044728290823 -144.39280415137074 
-219.28044728290823 -144.39280415137074 -248.6418277013923 -150.11043963785423 -231.1681145010117 -125.8578605286707 
-231.1681145010117 -125.8578605286707 -260.90832071703335 -122.85147055315738 -237.09736115322136 -104.82959035344078 
-237.09736115322136 -104.82959035344078 -264.61024701199017 -93.21963458243174 -238.73612399449206 -78.04644105487317 
-238.73612399449206 -78.04644105487317 -264.81355655457867 -63.22538998473968 -238.86442919924056 -48.16760568152634 
-238.86442919924056 -48.16760568152634 -264.8794166081326 -33.223894337257036 -238.93207940909784 -18.166848466033656 
-238.93207940909784 -18.166848466033656 -264.94553223897594 -3.2243182266048223 -238.9804343187435 11.79158492895541 
-238.9804343187435 11.79158492895541 -264.9671368722753 26.770067761962423 -238.4415088891269 43.6752494244181 
-238.4415088891269 43.6752494244181 -223.54068695124798 28.11258868500098 -244.4687574709323 22.98942871930406 
-217.5134383692817 48.798409390154404 -196.18309170290036 67.01961265740431 -201.33344629343503 38.007507993440925 
-187.00640233396368 31.4111890739916 -165.907302197113 28.150542317678585 -179.28065518925828 11.508508980424342 
-165.907302197113 28.150542317678585 -144.80820206026237 24.88989556136557 -158.18155505240765 8.247862224111351 
-144.80820206026237 24.88989556136557 -123.7131451468823 36.54648124112998 -124.1657742835582 12.449333220075712 
-123.7131451468823 36.54648124112998 -107.54322362928218 50.9721435431683 -105.29415646428177 28.117839263357588 
-105.29415646428177 28.117839263357588 -86.62628195458711 41.492740702887886 -83.96494280695293 14.816365853229831 
-83.96494280695293 14.816365853229831 -84.006149281195 -15.129039256507465 -109.91902759558988 -0.12065084814498694 
-84.006149281195 -15.129039256507465 -84.07616612318685 -45.122488048329174 -110.01624630288308 -30.065127288560923 
-84.07616612318685 -45.122488048329174 -84.19524571566824 -75.04745684760356 -110.05148910692304 -59.98184649580572 
-84.19524571566824 -75.04745684760356 -85.61104319389167 -102.27052718979058 -108.47901494000382 -87.4328754359479 
-85.61104319389167 -102.27052718979058 -91.15579971996506 -123.58391849812598 -106.84135977065068 -108.12532283460378 
-91.15579971996506 -123.58391849812598 -102.61875181840182 -142.51051622209854 -113.27819020526842 -123.12000964055277 
-102.61875181840182 -142.51051622209854 -119.12025267569588 -157.67169628944458 -123.99946933665348 -135.80038731285745 
-119.12025267569588 -157.67169628944458 -138.88492186426686 -167.38409681700378 -137.41377285853392 -145.41119093861388 
-138.88492186426686 -167.38409681700378 -160.50763996838316 -170.9155712743867 -152.7546275092188 -150.4240108687568 
-160.50763996838316 -170.9155712743867 -182.36785449960456 -168.00626807308615 -168.9182167543691 -150.52941855761802 
-182.36785449960456 -168.00626807308615 -202.47046728746963 -158.9484813716308 -184.5748875080561 -146.06800136571465 
-202.47046728746963 -158.9484813716308 -219.28044728290823 -144.39280415137074 -198.26987104322185 -137.11277304841735 
-219.28044728290823 -144.39280415137074 -231.1681145010117 -125.8578605286707 -209.1725488570716 -124.83031053746039 
-231.1681145010117 -125.8578605286707 -237.09736115322136 -104.82959035344078 -215.9217216578181 -110.20884721496466 
-237.09736115322136 -104.82959035344078 -238.73612399449206 -78.04644105487317 -214.72185488806468 -90.01880545284585 
-238.73612399449206 -78.04644105487317 -238.86442919924056 -48.16760568152634 -212.92444612818747 -62.99590780145036 
-238.86442919924056 -48.16760568152634 -238.93207940909784 -18.166848466033656 -212.9168364229164 -33.108640273472545 
-238.93207940909784 -18.166848466033656 -238.9804343187435 11.79158492895541 -213.01149248640903 -3.1457551883884887 
-244.4687574709323 22.98942871930406 -223.54068695124798 28.11258868500098 -229.56793553316794 7.426767980006584 
-217.5134383692817 48.798409390154404 -201.33344629343503 38.007507993440925 -223.54068695124798 28.11258868500098 
-187.00640233396368 31.4111890739916 -179.28065518925828 11.508508980424342 -200.37975532594675 14.769155736712301 
-179.28065518925828 11.508508980424342 -165.907302197113 28.150542317678585 -158.18155505240765 8.247862224111351 
-158.18155505240765 8.247862224111351 -144.80820206026237 24.88989556136557 -137.0824549157192 4.987215467823383 
-144.80820206026237 24.88989556136557 -124.1657742835582 12.449333220075712 -137.0824549157192 4.987215467823383 
-123.7131451468823 36.54648124112998 -105.29415646428177 28.117839263357588 -124.1657742835582 12.449333220075712 
-83.96494280695293 14.816365853229831 -109.91902759558988 -0.12065084814498694 -105.29415646428177 28.117839263357588 
-84.006149281195 -15.129039256507465 -110.01624630288308 -30.065127288560923 -109.91902759558988 -0.12065084814498694 
-84.07616612318685 -45.122488048329174 -110.05148910692304 -59.98184649580572 -110.01624630288308 -30.065127288560923 
-84.19524571566824 -75.04745684760356 -108.47901494000382 -87.4328754359479 -110.05148910692304 -59.98184649580572 
-85.61104319389167 -102.27052718979058 -106.84135977065068 -108.12532283460378 -108.47901494000382 -87.4328754359479 
-91.15579971996506 -123.58391849812598 -113.27819020526842 -123.12000964055277 -106.84135977065068 -108.12532283460378 
-102.61875181840182 -142.51051622209854 -123.99946933665348 -135.80038731285745 -113.27819020526842 -123.12000964055277 
-119.12025267569588 -157.67169628944458 -137.41377285853392 -145.41119093861388 -123.99946933665348 -135.80038731285745 
-138.88492186426686 -167.38409681700378 -152.7546275092188 -150.4240108687568 -137.41377285853392 -145.41119093861388 
-160.50763996838316 -170.9155712743867 -168.9182167543691 -150.52941855761802 -152.7546275092188 -150.4240108687568 
-182.36785449960456 -168.00626807308615 -184.5748875080561 -146.06800136571465 -168.9182167543691 -150.52941855761802 
-202.47046728746963 -158.9484813716308 -198.26987104322185 -137.11277304841735 -184.5748875080561 -146.06800136571465 
-219.28044728290823 -144.39280415137074 -209.1725488570716 -124.83031053746039 -198.26987104322185 -137.11277304841735 
-231.1681145010117 -125.8578605286707 -215.9217216578181 -110.20884721496466 -209.1725488570716 -124.83031053746039 
-237.09736115322136 -104.82959035344078 -214.72185488806468 -90.01880545284585 -215.9217216578181 -110.20884721496466 
-238.73612399449206 -78.04644105487317 -212.92444612818747 -62.99590780145036 -214.72185488806468 -90.01880545284585 
-238.86442919924056 -48.16760568152634 -212.9168364229164 -33.108640273472545 -212.92444612818747 -62.99590780145036 
-238.93207940909784 -18.166848466033656 -213.01149248640903 -3.1457551883884887 -212.9168364229164 -33.108640273472545 
-223.54068695124798 28.11258868500098 -201.33344629343503 38.007507993440925 -203.86781513287926 13.828013781698864 
-179.28065518925828 11.508508980424342 -158.18155505240765 8.247862224111351 -171.5549080445529 -8.39417111314288 
-158.18155505240765 8.247862224111351 -137.0824549157192 4.987215467823383 -150.45580790776165 -11.654817869302885 
-137.0824549157192 4.987215467823383 -124.1657742835582 12.449333220075712 -124.16173106019049 -2.4678992160149917 
-124.1657742835582 12.449333220075712 -105.29415646428177 28.117839263357588 -109.91902759558988 -0.12065084814498694 
-109.91902759558988 -0.12065084814498694 -110.01624630288308 -30.065127288560923 -135.90031424952838 -15.008695198114397 
-110.01624630288308 -30.065127288560923 -110.05148910692304 -59.98184649580572 -135.9425065361301 -44.99296572858427 
-110.05148910692304 -59.98184649580572 -108.47901494000382 -87.4328754359479 -133.03854044552654 -75.06916354121665 
-108.47901494000382 -87.4328754359479 -106.84135977065068 -108.12532283460378 -125.58037246894462 -99.1973501145673 
-106.84135977065068 -108.12532283460378 -113.27819020526842 -123.12000964055277 -123.04555468363615 -110.04820756137505 
-113.27819020526842 -123.12000964055277 -123.99946933665348 -135.80038731285745 -129.6203589647015 -120.17529838790927 
-123.99946933665348 -135.80038731285745 -137.41377285853392 -145.41119093861388 -139.0298211882397 -128.98866150177167 
-137.41377285853392 -145.41119093861388 -152.7546275092188 -150.4240108687568 -149.4254295879548 -134.63203106049568 
-152.7546275092188 -150.4240108687568 -168.9182167543691 -150.52941855761802 -160.9277078681015 -136.47863581062205 
-168.9182167543691 -150.52941855761802 -184.5748875080561 -146.06800136571465 -172.88285150616343 -134.73963535035404 
-184.5748875080561 -146.06800136571465 -198.26987104322185 -137.11277304841735 -183.6669240562095 -129.7301835612636 
-198.26987104322185 -137.11277304841735 -209.1725488570716 -124.83031053746039 -193.0842853946825 -121.52954583691638 
-209.1725488570716 -124.83031053746039 -215.9217216578181 -110.20884721496466 -199.884576579726 -111.67462377626507 
-215.9217216578181 -110.20884721496466 -214.72185488806468 -90.01880545284585 -197.83669920356738 -101.15294143766316 
-214.72185488806468 -90.01880545284585 -212.92444612818747 -62.99590780145036 -190.42063465827067 -78.06395827417849 
-212.92444612818747 -62.99590780145036 -212.9168364229164 -33.108640273472545 -187.03750834675407 -48.058864235541485 
-212.9168364229164 -33.108640273472545 -213.01149248640903 -3.1457551883884887 -187.01554480043905 -18.045223175324082 
-229.56793553316794 7.426767980006584 -223.54068695124798 28.11258868500098 -203.86781513287926 13.828013781698864 
-179.28065518925828 11.508508980424342 -171.5549080445529 -8.39417111314288 -192.6540081812413 -5.13352435685494 
-171.5549080445529 -8.39417111314288 -158.18155505240765 8.247862224111351 -150.45580790776165 -11.654817869302885 
-124.16173106019049 -2.4678992160149917 -124.1657742835582 12.449333220075712 -109.91902759558988 -0.12065084814498694 
-110.01624630288308 -30.065127288560923 -135.9425065361301 -44.99296572858427 -135.90031424952838 -15.008695198114397 
-110.05148910692304 -59.98184649580572 -133.03854044552654 -75.06916354121665 -135.9425065361301 -44.99296572858427 
-108.47901494000382 -87.4328754359479 -125.58037246894462 -99.1973501145673 -133.03854044552654 -75.06916354121665 
-113.27819020526842 -123.12000964055277 -129.6203589647015 -120.17529838790927 -123.04555468363615 -110.04820756137505 
-123.99946933665348 -135.80038731285745 -139.0298211882397 -128.98866150177167 -129.6203589647015 -120.17529838790927 
-137.41377285853392 -145.41119093861388 -149.4254295879548 -134.63203106049568 -139.0298211882397 -128.98866150177167 
-152.7546275092188 -150.4240108687568 -160.9277078681015 -136.47863581062205 -149.4254295879548 -134.63203106049568 
-168.9182167543691 -150.52941855761802 -172.88285150616343 -134.73963535035404 -160.9277078681015 -136.47863581062205 
-184.5748875080561 -146.06800136571465 -183.6669240562095 -129.7301835612636 -172.88285150616343 -134.73963535035404 
-198.26987104322185 -137.11277304841735 -193.0842853946825 -121.52954583691638 -183.6669240562095 -129.7301835612636 
-209.1725488570716 -124.83031053746039 -199.884576579726 -111.67462377626507 -193.0842853946825 -121.52954583691638 
-214.72185488806468 -90.01880545284585 -190.42063465827067 -78.06395827417849 -197.83669920356738 -101.15294143766316 
-212.92444612818747 -62.99590780145036 -187.03750834675407 -48.058864235541485 -190.42063465827067 -78.06395827417849 
-212.9168364229164 -33.108640273472545 -187.01554480043905 -18.045223175324082 -187.03750834675407 -48.058864235541485 
-179.28065518925828 11.508508980424342 -192.6540081812413 -5.13352435685494 -200.37975532594675 14.769155736712301 
-171.5549080445529 -8.39417111314288 -150.45580790776165 -11.654817869302885 -163.82916089974466 -28.296851206582165 
-135.90031424952838 -15.008695198114397 -135.9425065361301 -44.99296572858427 -161.88855038602816 -29.964290871308663 
-135.9425065361301 -44.99296572858427 -133.03854044552654 -75.06916354121665 -160.53727484568043 -62.54597304107885 
-133.03854044552654 -75.06916354121665 -125.58037246894462 -99.1973501145673 -150.20507897690072 -93.5922197612704 
-123.04555468363615 -110.04820756137505 -129.6203589647015 -120.17529838790927 -135.10327474633485 -109.41780544235807 
-129.6203589647015 -120.17529838790927 -139.0298211882397 -128.98866150177167 -141.95768642581305 -116.43314662334814 
-139.0298211882397 -128.98866150177167 -149.4254295879548 -134.63203106049568 -149.11492678887095 -122.80748531923165 
-149.4254295879548 -134.63203106049568 -160.9277078681015 -136.47863581062205 -156.77577535237842 -125.59406824360488 
-160.9277078681015 -136.47863581062205 -172.88285150616343 -134.73963535035404 -165.39926111135526 -125.25567748408756 
-172.88285150616343 -134.73963535035404 -183.6669240562095 -129.7301835612636 -173.93657527282298 -122.89562867126234 
-183.6669240562095 -129.7301835612636 -193.0842853946825 -121.52954583691638 -181.27364412896472 -117.47419054339676 
-193.0842853946825 -121.52954583691638 -199.884576579726 -111.67462377626507 -187.94981813040823 -110.71285988724185 
-197.83669920356738 -101.15294143766316 -190.42063465827067 -78.06395827417849 -174.1330209638926 -96.03095014821994 
-190.42063465827067 -78.06395827417849 -187.03750834675407 -48.058864235541485 -162.7438978222449 -65.9912845848299 
-187.03750834675407 -48.058864235541485 -187.01554480043905 -18.045223175324082 -161.03395095551377 -33.07106469449869 
-200.37975532594675 14.769155736712301 -192.6540081812413 -5.13352435685494 -213.75310831792976 -1.8728776005670404 
-137.0824549157192 4.987215467823383 -124.16173106019049 -2.4678992160149917 -137.0784116922522 -9.930016968209944 
-135.9425065361301 -44.99296572858427 -160.53727484568043 -62.54597304107885 -161.88855038602816 -29.964290871308663 
-133.03854044552654 -75.06916354121665 -150.20507897690072 -93.5922197612704 -160.53727484568043 -62.54597304107885 
-123.04555468363615 -110.04820756137505 -135.10327474633485 -109.41780544235807 -128.52847046532005 -99.29071461590172 
-135.10327474633485 -109.41780544235807 -129.6203589647015 -120.17529838790927 -141.95768642581305 -116.43314662334814 
-141.95768642581305 -116.43314662334814 -139.0298211882397 -128.98866150177167 -149.11492678887095 -122.80748531923165 
-149.11492678887095 -122.80748531923165 -149.4254295879548 -134.63203106049568 -156.77577535237842 -125.59406824360488 
-156.77577535237842 -125.59406824360488 -160.9277078681015 -136.47863581062205 -165.39926111135526 -125.25567748408756 
-165.39926111135526 -125.25567748408756 -172.88285150616343 -134.73963535035404 -173.93657527282298 -122.89562867126234 
-173.93657527282298 -122.89562867126234 -183.6669240562095 -129.7301835612636 -181.27364412896472 -117.47419054339676 
-181.27364412896472 -117.47419054339676 -193.0842853946825 -121.52954583691638 -187.94981813040823 -110.71285988724185 
-187.94981813040823 -110.71285988724185 -199.884576579726 -111.67462377626507 -194.75010931539947 -100.85793782666627 
-190.42063465827067 -78.06395827417849 -162.7438978222449 -65.9912845848299 -174.1330209638926 -96.03095014821994 
-187.03750834675407 -48.058864235541485 -161.03395095551377 -33.07106469449869 -162.7438978222449 -65.9912845848299 
-135.10327474633485 -109.41780544235807 -141.95768642581305 -116.43314662334814 -144.60594426499534 -106.98938139045865 
-141.95768642581305 -116.43314662334814 -149.11492678887095 -122.80748531923165 -151.056645850275 -113.42196399592217 
-149.11492678887095 -122.80748531923165 -156.77577535237842 -125.59406824360488 -155.35860267287146 -117.56628731090926 
-156.77577535237842 -125.59406824360488 -165.39926111135526 -125.25567748408756 -160.79446323772044 -117.95671512743722 
-165.39926111135526 -125.25567748408756 -173.93657527282298 -122.89562867126234 -167.62405596602167 -116.68212213379316 
-173.93657527282298 -122.89562867126234 -181.27364412896472 -117.47419054339676 -172.91000655714078 -113.83082158862774 
-181.27364412896472 -117.47419054339676 -187.94981813040823 -110.71285988724185 -178.7562470180998 -108.31178893001365 
-187.94981813040823 -110.71285988724185 -194.75010931539947 -100.85793782666627 -182.81535086617345 -99.89617393765045 
-150.45580790776165 -11.654817869302885 -137.0824549157192 4.987215467823383 -137.0784116922522 -9.930016968209944 
-128.52847046532005 -99.29071461590172 -135.10327474633485 -109.41780544235807 -140.58619052792605 -98.66031249688959 
-135.10327474633485 -109.41780544235807 -144.60594426499534 -106.98938139045865 -140.58619052792605 -98.66031249688959 
-141.95768642581305 -116.43314662334814 -151.056645850275 -113.42196399592217 -144.60594426499534 -106.98938139045865 
-156.77577535237842 -125.59406824360488 -160.79446323772044 -117.95671512743722 -155.35860267287146 -117.56628731090926 
-165.39926111135526 -125.25567748408756 -167.62405596602167 -116.68212213379316 -160.79446323772044 -117.95671512743722 
-173.93657527282298 -122.89562867126234 -172.91000655714078 -113.83082158862774 -167.62405596602167 -116.68212213379316 
-181.27364412896472 -117.47419054339676 -178.7562470180998 -108.31178893001365 -172.91000655714078 -113.83082158862774 
-187.94981813040823 -110.71285988724185 -182.81535086617345 -99.89617393765045 -178.7562470180998 -108.31178893001365 
-140.58619052792605 -98.66031249688959 -144.60594426499534 -106.98938139045865 -149.80925264812527 -99.34363809043252 
-144.60594426499534 -106.98938139045865 -151.056645850275 -113.42196399592217 -153.40207500587994 -104.6192012481343 
-151.056645850275 -113.42196399592217 -149.11492678887095 -122.80748531923165 -155.35860267287146 -117.56628731090926 
-155.35860267287146 -117.56628731090926 -160.79446323772044 -117.95671512743722 -158.4146533627515 -113.05390787860813 
-160.79446323772044 -117.95671512743722 -167.62405596602167 -116.68212213379316 -163.1054296898953 -111.40481783043516 
-167.62405596602167 -116.68212213379316 -172.91000655714078 -113.83082158862774 -167.7977325556562 -110.67870436617541 
-172.91000655714078 -113.83082158862774 -178.7562470180998 -108.31178893001365 -171.05350430096902 -106.00831250352368 
-178.7562470180998 -108.31178893001365 -182.81535086617345 -99.89617393765045 -173.49766257031828 -100.58869438481912 
-149.80925264812527 -99.34363809043252 -144.60594426499534 -106.98938139045865 -153.40207500587994 -104.6192012481343 
-153.40207500587994 -104.6192012481343 -151.056645850275 -113.42196399592217 -159.85277659111 -111.05178385354837 
-151.056645850275 -113.42196399592217 -155.35860267287146 -117.56628731090926 -158.4146533627515 -113.05390787860813 
-158.4146533627515 -113.05390787860813 -160.79446323772044 -117.95671512743722 -163.1054296898953 -111.40481783043516 
-163.1054296898953 -111.40481783043516 -167.62405596602167 -116.68212213379316 -167.7977325556562 -110.67870436617541 
-171.05350430096902 -106.00831250352368 -178.7562470180998 -108.31178893001365 -173.49766257031828 -100.58869438481912 
-153.40207500587994 -104.6192012481343 -159.85277659111 -111.05178385354837 -162.1982057466969 -102.24902110582818 
-171.05350430096902 -106.00831250352368 -173.49766257031828 -100.58869438481912 -167.58205646605913 -101.18180029205598 
-153.40207500587994 -104.6192012481343 -162.1982057466969 -102.24902110582818 -155.74750416151642 -95.81643850046355 
-162.1982057466969 -102.24902110582818 -159.85277659111 -111.05178385354837 -168.64890733187735 -108.6816037111928 
-153.40207500587994 -104.6192012481343 -155.74750416151642 -95.81643850046355 -149.80925264812527 -99.34363809043252 
-155.74750416151642 -95.81643850046355 -162.1982057466969 -102.24902110582818 -164.54363490226575 -93.44625835817563 
-155.74750416151642 -95.81643850046355 -164.54363490226575 -93.44625835817563 -158.09293331713485 -87.01367575286048 
-164.54363490226575 -93.44625835817563 -162.1982057466969 -102.24902110582818 -170.99433648739668 -99.8788409634908 
-167.7977325556562 -110.67870436617541 -172.91000655714078 -113.83082158862774 -171.05350430096902 -106.00831250352368 
-215.9217216578181 -110.20884721496466 -197.83669920356738 -101.15294143766316 -199.884576579726 -111.67462377626507 
-201.33344629343503 38.007507993440925 -173.6330493418778 48.05322241139885 -187.00640233396368 31.4111890739916 
-187.00640233396368 31.4111890739916 -200.37975532594675 14.769155736712301 -201.33344629343503 38.007507993440925 
-125.58037246894462 -99.1973501145673 -106.84135977065068 -108.12532283460378 -123.04555468363615 -110.04820756137505 
-149.80925264812527 -99.34363809043252 -155.74750416151642 -95.81643850046355 -149.7237339557053 -92.43736163081627 
-159.85277659111 -111.05178385354837 -151.056645850275 -113.42196399592217 -158.4146533627515 -113.05390787860813 
-158.4146533627515 -113.05390787860813 -163.1054296898953 -111.40481783043516 -159.85277659111 -111.05178385354837 
-167.7977325556562 -110.67870436617541 -171.05350430096902 -106.00831250352368 -167.58205646605913 -101.18180029205598 
-199.884576579726 -111.67462377626507 -197.83669920356738 -101.15294143766316 -194.75010931539947 -100.85793782666627 
-201.33344629343503 38.007507993440925 -200.37975532594675 14.769155736712301 -203.86781513287926 13.828013781698864 
-125.58037246894462 -99.1973501145673 -123.04555468363615 -110.04820756137505 -128.52847046532005 -99.29071461590172 
