275
-5.954999999999984 -91.85 -20.889999999999986 -126.355 -43.3047065574289 -96.16841059454569 
-20.889999999999986 -126.355 -43.935 -156.065 -58.14211474630379 -121.25244456988989 
-43.935 -156.065 -73.64500000000001 -179.11 -78.74755543011011 -141.8578852536962 
-73.64500000000001 -179.11 -108.15 -194.045 -103.83158940545428 -156.69529344257109 
-108.15 -194.045 -145.29 -199.925 -131.81222937422643 -164.82081650361084 
-145.29 -199.925 -182.72 -196.39 -160.94360019763766 -165.74216913651458 
-182.72 -196.39 -218.1 -183.65 -189.3768363558428 -159.3800212142636 
-218.1 -183.65 -249.195 -162.515 -215.34405309110966 -146.15344006946088 
-249.195 -162.515 -274.06 -134.315 -237.205583613404 -126.88127833501028 
-274.06 -134.315 -291.13 -100.81 -253.57881884635114 -102.77944635747541 
-291.13 -100.81 -299.335 -64.11500000000001 -263.4536978082929 -75.35676156198512 
-299.335 -64.11500000000001 -298.155 -26.534999999999997 -266.19976532594757 -46.34690997646041 
-298.155 -26.534999999999997 -287.665 9.569999999999993 -261.6421527965231 -17.56710648565216 
-287.665 9.569999999999993 -268.525 41.935 -250.06608780666033 9.176773771650762 
-268.525 41.935 -241.935 68.52499999999998 -232.20238451348982 32.202384513489804 
-241.935 68.52499999999998 -209.57 87.66500000000002 -209.17677377165077 50.06608780666029 
-209.57 87.66500000000002 -173.465 98.15499999999997 -182.43289351434782 61.642152796523106 
-173.465 98.15499999999997 -135.885 99.33499999999998 -153.65309002353962 66.19976532594757 
-135.885 99.33499999999998 -99.19 91.13 -124.64323843801488 63.453697808292894 
-99.19 91.13 -65.685 74.06 -97.22055364252459 53.578818846351105 
-65.685 74.06 -37.485000000000014 49.19499999999999 -73.11872166498972 37.205583613404 
-37.485000000000014 49.19499999999999 -16.350000000000023 18.099999999999994 -53.846559930539115 15.3440530911097 
-3.6100000000000136 -17.28 -0.07499999999998863 -54.71000000000001 -34.25783086348541 -39.05639980236233 
-0.07499999999998863 -54.71000000000001 -5.954999999999984 -91.85 -35.17918349638917 -68.18777062577361 
-5.954999999999984 -91.85 -43.3047065574289 -96.16841059454569 -35.17918349638917 -68.18777062577361 
-20.889999999999986 -126.355 -58.14211474630379 -121.25244456988989 -43.3047065574289 -96.16841059454569 
-43.935 -156.065 -78.74755543011011 -141.8578852536962 -58.14211474630379 -121.25244456988989 
-73.64500000000001 -179.11 -103.83158940545428 -156.69529344257109 -78.74755543011011 -141.8578852536962 
-108.15 -194.045 -131.81222937422643 -164.82081650361084 -103.83158940545428 -156.69529344257109 
-145.29 -199.925 -160.94360019763766 -165.74216913651458 -131.81222937422643 -164.82081650361084 
-182.72 -196.39 -189.3768363558428 -159.3800212142636 -160.94360019763766 -165.74216913651458 
-218.1 -183.65 -215.34405309110966 -146.15344006946088 -189.3768363558428 -159.3800212142636 
-249.195 -162.515 -237.205583613404 -126.88127833501028 -215.34405309110966 -146.15344006946088 
-274.06 -134.315 -253.57881884635114 -102.77944635747541 -237.205583613404 -126.88127833501028 
-291.13 -100.81 -263.4536978082929 -75.35676156198512 -253.57881884635114 -102.77944635747541 
-299.335 -64.11500000000001 -266.19976532594757 -46.34690997646041 -263.4536978082929 -75.35676156198512 
-298.155 -26.534999999999997 -261.6421527965231 -17.56710648565216 -266.19976532594757 -46.34690997646041 
-287.665 9.569999999999993 -250.06608780666033 9.176773771650762 -261.6421527965231 -17.56710648565216 
-268.525 41.935 -232.20238451348982 32.202384513489804 -250.06608780666033 9.176773771650762 
-241.935 68.52499999999998 -209.17677377165077 50.06608780666029 -232.20238451348982 32.202384513489804 
-209.57 87.66500000000002 -182.43289351434782 61.642152796523106 -209.17677377165077 50.06608780666029 
-173.465 98.15499999999997 -153.65309002353962 66.19976532594757 -182.43289351434782 61.642152796523106 
-135.885 99.33499999999998 -124.64323843801488 63.453697808292894 -153.65309002353962 66.19976532594757 
-99.19 91.13 -97.22055364252459 53.578818846351105 -124.64323843801488 63.453697808292894 
-65.685 74.06 -73.11872166498972 37.205583613404 -97.22055364252459 53.578818846351105 
-37.485000000000014 49.19499999999999 -53.846559930539115 15.3440530911097 -73.11872166498972 37.205583613404 
-16.350000000000023 18.099999999999994 -3.6100000000000136 -17.28 -40.619978785736414 -10.623163644157211 
-34.25783086348541 -39.05639980236233 -0.07499999999998863 -54.71000000000001 -35.17918349638917 -68.18777062577361 
-35.17918349638917 -68.18777062577361 -43.3047065574289 -96.16841059454569 -63.473890053887686 -75.141181220299 
-43.3047065574289 -96.16841059454569 -58.14211474630379 -121.25244456988989 -72.44682130379505 -95.86085516439873 
-58.14211474630379 -121.25244456988989 -78.74755543011011 -141.8578852536962 -86.28967017646517 -113.71032982353483 
-78.74755543011011 -141.8578852536962 -103.83158940545428 -156.69529344257109 -104.13914483560126 -127.55317869620498 
-103.83158940545428 -156.69529344257109 -131.81222937422643 -164.82081650361084 -124.85881877970101 -136.52610994611226 
-131.81222937422643 -164.82081650361084 -160.94360019763766 -165.74216913651458 -147.17582957186625 -140.0529856400531 
-160.94360019763766 -165.74216913651458 -189.3768363558428 -159.3800212142636 -169.65043655346474 -137.93719035070737 
-189.3768363558428 -159.3800212142636 -215.34405309110966 -146.15344006946088 -190.90588944691953 -130.27846128366 
-215.34405309110966 -146.15344006946088 -237.205583613404 -126.88127833501028 -209.58463670446577 -117.58471840441683 
-237.205583613404 -126.88127833501028 -253.57881884635114 -102.77944635747541 -224.51940245969521 -100.65072469244488 
-253.57881884635114 -102.77944635747541 -263.4536978082929 -75.35676156198512 -234.76751665457587 -80.51620791943606 
-263.4536978082929 -75.35676156198512 -266.19976532594757 -46.34690997646041 -239.70346313416826 -58.473671538438715 
-266.19976532594757 -46.34690997646041 -261.6421527965231 -17.56710648565216 -238.99691812239902 -35.90401646212391 
-261.6421527965231 -17.56710648565216 -250.06608780666033 9.176773771650762 -232.69324060311698 -14.220332714030103 
-250.06608780666033 9.176773771650762 -232.20238451348982 32.202384513489804 -221.19347232009284 5.219158285096167 
-232.20238451348982 32.202384513489804 -209.17677377165077 50.06608780666029 -205.2191582850962 21.19347232009278 
-209.17677377165077 50.06608780666029 -182.43289351434782 61.642152796523106 -185.77966728596985 32.69324060311695 
-182.43289351434782 61.642152796523106 -153.65309002353962 66.19976532594757 -164.09598353787612 38.99691812239911 
-153.65309002353962 66.19976532594757 -124.64323843801488 63.453697808292894 -141.52632846156126 39.70346313416829 
-124.64323843801488 63.453697808292894 -97.22055364252459 53.578818846351105 -119.483792080564 34.76751665457586 
-97.22055364252459 53.578818846351105 -73.11872166498972 37.205583613404 -99.34927530755509 24.519402459695204 
-73.11872166498972 37.205583613404 -53.846559930539115 15.3440530911097 -82.41528159558314 9.584636704465797 
-53.846559930539115 15.3440530911097 -16.350000000000023 18.099999999999994 -40.619978785736414 -10.623163644157211 
-40.619978785736414 -10.623163644157211 -3.6100000000000136 -17.28 -34.25783086348541 -39.05639980236233 
-40.619978785736414 -10.623163644157211 -34.25783086348541 -39.05639980236233 -62.0628096492926 -30.349563446535285 
-34.25783086348541 -39.05639980236233 -35.17918349638917 -68.18777062577361 -59.94701435994696 -52.82417042813372 
-35.17918349638917 -68.18777062577361 -63.473890053887686 -75.141181220299 -59.94701435994696 -52.82417042813372 
-43.3047065574289 -96.16841059454569 -72.44682130379505 -95.86085516439873 -63.473890053887686 -75.141181220299 
-58.14211474630379 -121.25244456988989 -86.28967017646517 -113.71032982353483 -72.44682130379505 -95.86085516439873 
-78.74755543011011 -141.8578852536962 -104.13914483560126 -127.55317869620498 -86.28967017646517 -113.71032982353483 
-103.83158940545428 -156.69529344257109 -124.85881877970101 -136.52610994611226 -104.13914483560126 -127.55317869620498 
-131.81222937422643 -164.82081650361084 -147.17582957186625 -140.0529856400531 -124.85881877970101 -136.52610994611226 
-160.94360019763766 -165.74216913651458 -169.65043655346474 -137.93719035070737 -147.17582957186625 -140.0529856400531 
-189.3768363558428 -159.3800212142636 -190.90588944691953 -130.27846128366 -169.65043655346474 -137.93719035070737 
-215.34405309110966 -146.15344006946088 -209.58463670446577 -117.58471840441683 -190.90588944691953 -130.27846128366 
-237.205583613404 -126.88127833501028 -224.51940245969521 -100.65072469244488 -209.58463670446577 -117.58471840441683 
-253.57881884635114 -102.77944635747541 -234.76751665457587 -80.51620791943606 -224.51940245969521 -100.65072469244488 
-263.4536978082929 -75.35676156198512 -239.70346313416826 -58.473671538438715 -234.76751665457587 -80.51620791943606 
-266.19976532594757 -46.34690997646041 -238.99691812239902 -35.90401646212391 -239.70346313416826 -58.473671538438715 
-261.6421527965231 -17.56710648565216 -232.69324060311698 -14.220332714030103 -238.99691812239902 -35.90401646212391 
-250.06608780666033 9.176773771650762 -221.19347232009284 5.219158285096167 -232.69324060311698 -14.220332714030103 
-232.20238451348982 32.202384513489804 -205.2191582850962 21.19347232009278 -221.19347232009284 5.219158285096167 
-209.17677377165077 50.06608780666029 -185.77966728596985 32.69324060311695 -205.2191582850962 21.19347232009278 
-182.43289351434782 61.642152796523106 -164.09598353787612 38.99691812239911 -185.77966728596985 32.69324060311695 
-153.65309002353962 66.19976532594757 -141.52632846156126 39.70346313416829 -164.09598353787612 38.99691812239911 
-124.64323843801488 63.453697808292894 -119.483792080564 34.76751665457586 -141.52632846156126 39.70346313416829 
-97.22055364252459 53.578818846351105 -99.34927530755509 24.519402459695204 -119.483792080564 34.76751665457586 
-73.11872166498972 37.205583613404 -82.41528159558314 9.584636704465797 -99.34927530755509 24.519402459695204 
-53.846559930539115 15.3440530911097 -40.619978785736414 -10.623163644157211 -69.72153871634006 -9.094110553080451 
-62.0628096492926 -30.349563446535285 -34.25783086348541 -39.05639980236233 -59.94701435994696 -52.82417042813372 
-59.94701435994696 -52.82417042813372 -63.473890053887686 -75.141181220299 -81.03755048936489 -60.928311877289474 
-63.473890053887686 -75.141181220299 -72.44682130379505 -95.86085516439873 -85.90411967247027 -77.73023178355766 
-72.44682130379505 -95.86085516439873 -86.28967017646517 -113.71032982353483 -94.82634423906933 -92.79733370954713 
-86.28967017646517 -113.71032982353483 -104.13914483560126 -127.55317869620498 -107.2026662904529 -105.1736557609307 
-104.13914483560126 -127.55317869620498 -124.85881877970101 -136.52610994611226 -122.26976821644226 -114.09588032752968 
-124.85881877970101 -136.52610994611226 -147.17582957186625 -140.0529856400531 -139.0716881227106 -118.96244951063517 
-147.17582957186625 -140.0529856400531 -169.65043655346474 -137.93719035070737 -156.58080059289406 -119.53150740934458 
-169.65043655346474 -137.93719035070737 -190.90588944691953 -130.27846128366 -173.6455090674608 -115.70006364260273 
-190.90588944691953 -130.27846128366 -209.58463670446577 -117.58471840441683 -189.2521592732166 -107.75532020821737 
-209.58463670446577 -117.58471840441683 -224.51940245969521 -100.65072469244488 -202.386750840062 -96.18383500489857 
-224.51940245969521 -100.65072469244488 -234.76751665457587 -80.51620791943606 -212.2064565388754 -81.7083390723354 
-234.76751665457587 -80.51620791943606 -239.70346313416826 -58.473671538438715 -218.1460934246835 -65.22028468591192 
-239.70346313416826 -58.473671538438715 -238.99691812239902 -35.90401646212391 -219.8042959776428 -47.800729929387515 
-238.99691812239902 -35.90401646212391 -232.69324060311698 -14.220332714030103 -217.06645838937723 -30.52131945701215 
-232.69324060311698 -14.220332714030103 -221.19347232009284 5.219158285096167 -210.1082634198089 -14.459678685149385 
-221.19347232009284 5.219158285096167 -205.2191582850962 21.19347232009278 -199.37215354032807 -0.6278464596720106 
-205.2191582850962 21.19347232009278 -185.77966728596985 32.69324060311695 -185.5403213148506 10.108263419808793 
-185.77966728596985 32.69324060311695 -164.09598353787612 38.99691812239911 -169.47868054298772 17.06645838937733 
-164.09598353787612 38.99691812239911 -141.52632846156126 39.70346313416829 -152.19927007061256 19.804295977642795 
-141.52632846156126 39.70346313416829 -119.483792080564 34.76751665457586 -134.77971531408815 18.146093424683578 
-119.483792080564 34.76751665457586 -99.34927530755509 24.519402459695204 -118.29166092766462 12.206456538875301 
-99.34927530755509 24.519402459695204 -82.41528159558314 9.584636704465797 -103.81616499510137 2.3867508400620103 
-82.41528159558314 9.584636704465797 -53.846559930539115 15.3440530911097 -69.72153871634006 -9.094110553080451 
-69.72153871634006 -9.094110553080451 -40.619978785736414 -10.623163644157211 -62.0628096492926 -30.349563446535285 
-69.72153871634006 -9.094110553080451 -62.0628096492926 -30.349563446535285 -84.29993635739733 -26.35449093253927 
-62.0628096492926 -30.349563446535285 -59.94701435994696 -52.82417042813372 -80.46849259065537 -43.419199407105886 
-59.94701435994696 -52.82417042813372 -81.03755048936489 -60.928311877289474 -80.46849259065537 -43.419199407105886 
-63.473890053887686 -75.141181220299 -85.90411967247027 -77.73023178355766 -81.03755048936489 -60.928311877289474 
-72.44682130379505 -95.86085516439873 -94.82634423906933 -92.79733370954713 -85.90411967247027 -77.73023178355766 
-86.28967017646517 -113.71032982353483 -107.2026662904529 -105.1736557609307 -94.82634423906933 -92.79733370954713 
-104.13914483560126 -127.55317869620498 -122.26976821644226 -114.09588032752968 -107.2026662904529 -105.1736557609307 
-124.85881877970101 -136.52610994611226 -139.0716881227106 -118.96244951063517 -122.26976821644226 -114.09588032752968 
-147.17582957186625 -140.0529856400531 -156.58080059289406 -119.53150740934458 -139.0716881227106 -118.96244951063517 
-169.65043655346474 -137.93719035070737 -173.6455090674608 -115.70006364260273 -156.58080059289406 -119.53150740934458 
-190.90588944691953 -130.27846128366 -189.2521592732166 -107.75532020821737 -173.6455090674608 -115.70006364260273 
-209.58463670446577 -117.58471840441683 -202.386750840062 -96.18383500489857 -189.2521592732166 -107.75532020821737 
-224.51940245969521 -100.65072469244488 -212.2064565388754 -81.7083390723354 -202.386750840062 -96.18383500489857 
-234.76751665457587 -80.51620791943606 -218.1460934246835 -65.22028468591192 -212.2064565388754 -81.7083390723354 
-239.70346313416826 -58.473671538438715 -219.8042959776428 -47.800729929387515 -218.1460934246835 -65.22028468591192 
-238.99691812239902 -35.90401646212391 -217.06645838937723 -30.52131945701215 -219.8042959776428 -47.800729929387515 
-232.69324060311698 -14.220332714030103 -210.1082634198089 -14.459678685149385 -217.06645838937723 -30.52131945701215 
-221.19347232009284 5.219158285096167 -199.37215354032807 -0.6278464596720106 -210.1082634198089 -14.459678685149385 
-205.2191582850962 21.19347232009278 -185.5403213148506 10.108263419808793 -199.37215354032807 -0.6278464596720106 
-185.77966728596985 32.69324060311695 -169.47868054298772 17.06645838937733 -185.5403213148506 10.108263419808793 
-164.09598353787612 38.99691812239911 -152.19927007061256 19.804295977642795 -169.47868054298772 17.06645838937733 
-141.52632846156126 39.70346313416829 -134.77971531408815 18.146093424683578 -152.19927007061256 19.804295977642795 
-119.483792080564 34.76751665457586 -118.29166092766462 12.206456538875301 -134.77971531408815 18.146093424683578 
-99.34927530755509 24.519402459695204 -103.81616499510137 2.3867508400620103 -118.29166092766462 12.206456538875301 
-82.41528159558314 9.584636704465797 -69.72153871634006 -9.094110553080451 -92.24467979178266 -10.747840726783311 
-84.29993635739733 -26.35449093253927 -62.0628096492926 -30.349563446535285 -80.46849259065537 -43.419199407105886 
-80.46849259065537 -43.419199407105886 -81.03755048936489 -60.928311877289474 -95.91635773683032 -51.68093704569357 
-81.03755048936489 -60.928311877289474 -85.90411967247027 -77.73023178355766 -98.0217245520227 -65.11469928860141 
-85.90411967247027 -77.73023178355766 -94.82634423906933 -92.79733370954713 -103.41372498501926 -77.53690961364761 
-94.82634423906933 -92.79733370954713 -107.2026662904529 -105.1736557609307 -111.73271456662188 -88.26728543337815 
-107.2026662904529 -105.1736557609307 -122.26976821644226 -114.09588032752968 -122.4630903863523 -96.58627501498083 
-122.26976821644226 -114.09588032752968 -139.0716881227106 -118.96244951063517 -134.88530071139866 -101.97827544797717 
-139.0716881227106 -118.96244951063517 -156.58080059289406 -119.53150740934458 -148.31906295430636 -104.08364226316982 
-156.58080059289406 -119.53150740934458 -173.6455090674608 -115.70006364260273 -161.79502719502446 -102.837314478899 
-173.6455090674608 -115.70006364260273 -189.2521592732166 -107.75532020821737 -174.5684845296466 -98.21193637931718 
-189.2521592732166 -107.75532020821737 -202.386750840062 -96.18383500489857 -185.79825491110083 -90.5946876413953 
-202.386750840062 -96.18383500489857 -212.2064565388754 -81.7083390723354 -194.76045647955493 -80.44197244580135 
-212.2064565388754 -81.7083390723354 -218.1460934246835 -65.22028468591192 -200.89720102423044 -68.32043544678511 
-218.1460934246835 -65.22028468591192 -219.8042959776428 -47.800729929387515 -203.8894177594763 -55.07446177217412 
-219.8042959776428 -47.800729929387515 -217.06645838937723 -30.52131945701215 -203.47096875209078 -41.53206159606158 
-217.06645838937723 -30.52131945701215 -210.1082634198089 -14.459678685149385 -199.67757196977132 -28.516472679181142 
-210.1082634198089 -14.459678685149385 -199.37215354032807 -0.6278464596720106 -192.76149039198222 -16.841506465814536 
-199.37215354032807 -0.6278464596720106 -185.5403213148506 10.108263419808793 -183.1584935341855 -7.238509608017962 
-185.5403213148506 10.108263419808793 -169.47868054298772 17.06645838937733 -171.48352732081858 -0.3224280302287923 
-169.47868054298772 17.06645838937733 -152.19927007061256 19.804295977642795 -158.4679384039385 3.470968752091002 
-152.19927007061256 19.804295977642795 -134.77971531408815 18.146093424683578 -144.92553822782588 3.889417759476318 
-134.77971531408815 18.146093424683578 -118.29166092766462 12.206456538875301 -131.67956455321507 0.8972010242304016 
-118.29166092766462 12.206456538875301 -103.81616499510137 2.3867508400620103 -119.55802755419853 -5.23954352044518 
-103.81616499510137 2.3867508400620103 -82.41528159558314 9.584636704465797 -92.24467979178266 -10.747840726783311 
-92.24467979178266 -10.747840726783311 -69.72153871634006 -9.094110553080451 -84.29993635739733 -26.35449093253927 
-92.24467979178266 -10.747840726783311 -84.29993635739733 -26.35449093253927 -101.78806362068303 -25.43151547035335 
-84.29993635739733 -26.35449093253927 -80.46849259065537 -43.419199407105886 -97.16268552110088 -38.20497280497565 
-80.46849259065537 -43.419199407105886 -95.91635773683032 -51.68093704569357 -97.16268552110088 -38.20497280497565 
-81.03755048936489 -60.928311877289474 -98.0217245520227 -65.11469928860141 -95.91635773683032 -51.68093704569357 
-85.90411967247027 -77.73023178355766 -103.41372498501926 -77.53690961364761 -98.0217245520227 -65.11469928860141 
-94.82634423906933 -92.79733370954713 -111.73271456662188 -88.26728543337815 -103.41372498501926 -77.53690961364761 
-107.2026662904529 -105.1736557609307 -122.4630903863523 -96.58627501498083 -111.73271456662188 -88.26728543337815 
-122.26976821644226 -114.09588032752968 -134.88530071139866 -101.97827544797717 -122.4630903863523 -96.58627501498083 
-139.0716881227106 -118.96244951063517 -148.31906295430636 -104.08364226316982 -134.88530071139866 -101.97827544797717 
-156.58080059289406 -119.53150740934458 -161.79502719502446 -102.837314478899 -148.31906295430636 -104.08364226316982 
-173.6455090674608 -115.70006364260273 -174.5684845296466 -98.21193637931718 -161.79502719502446 -102.837314478899 
-189.2521592732166 -107.75532020821737 -185.79825491110083 -90.5946876413953 -174.5684845296466 -98.21193637931718 
-202.386750840062 -96.18383500489857 -194.76045647955493 -80.44197244580135 -185.79825491110083 -90.5946876413953 
-212.2064565388754 -81.7083390723354 -200.89720102423044 -68.32043544678511 -194.76045647955493 -80.44197244580135 
-218.1460934246835 -65.22028468591192 -203.8894177594763 -55.07446177217412 -200.89720102423044 -68.32043544678511 
-219.8042959776428 -47.800729929387515 -203.47096875209078 -41.53206159606158 -203.8894177594763 -55.07446177217412 
-217.06645838937723 -30.52131945701215 -199.67757196977132 -28.516472679181142 -203.47096875209078 -41.53206159606158 
-210.1082634198089 -14.459678685149385 -192.76149039198222 -16.841506465814536 -199.67757196977132 -28.516472679181142 
-199.37215354032807 -0.6278464596720106 -183.1584935341855 -7.238509608017962 -192.76149039198222 -16.841506465814536 
-185.5403213148506 10.108263419808793 -171.48352732081858 -0.3224280302287923 -183.1584935341855 -7.238509608017962 
-169.47868054298772 17.06645838937733 -158.4679384039385 3.470968752091002 -171.48352732081858 -0.3224280302287923 
-152.19927007061256 19.804295977642795 -144.92553822782588 3.889417759476318 -158.4679384039385 3.470968752091002 
-134.77971531408815 18.146093424683578 -131.67956455321507 0.8972010242304016 -144.92553822782588 3.889417759476318 
-118.29166092766462 12.206456538875301 -119.55802755419853 -5.23954352044518 -131.67956455321507 0.8972010242304016 
-103.81616499510137 2.3867508400620103 -92.24467979178266 -10.747840726783311 -109.40531235860462 -14.201745088899035 
-101.78806362068303 -25.43151547035335 -84.29993635739733 -26.35449093253927 -97.16268552110088 -38.20497280497565 
-97.16268552110088 -38.20497280497565 -95.91635773683032 -51.68093704569357 -108.21004900185818 -46.02230644794975 
-95.91635773683032 -51.68093704569357 -98.0217245520227 -65.11469928860141 -108.21004900185818 -46.02230644794975 
-103.41372498501926 -77.53690961364761 -111.73271456662188 -88.26728543337815 -116.86599782781387 -75.69764121206386 
-111.73271456662188 -88.26728543337815 -122.4630903863523 -96.58627501498083 -116.86599782781387 -75.69764121206386 
-134.88530071139866 -101.97827544797717 -148.31906295430636 -104.08364226316982 -143.42548297908476 -91.39697948487482 
-148.31906295430636 -104.08364226316982 -161.79502719502446 -102.837314478899 -143.42548297908476 -91.39697948487482 
-174.5684845296466 -98.21193637931718 -185.79825491110083 -90.5946876413953 -173.58663880642223 -84.67804558140067 
-185.79825491110083 -90.5946876413953 -194.76045647955493 -80.44197244580135 -173.58663880642223 -84.67804558140067 
-200.89720102423044 -68.32043544678511 -203.8894177594763 -55.07446177217412 -190.92195969183913 -59.10611290314105 
-203.8894177594763 -55.07446177217412 -203.47096875209078 -41.53206159606158 -190.92195969183913 -59.10611290314105 
-199.67757196977132 -28.516472679181142 -192.76149039198222 -16.841506465814536 -186.1087138518281 -28.668491913478064 
-192.76149039198222 -16.841506465814536 -183.1584935341855 -7.238509608017962 -186.1087138518281 -28.668491913478064 
-171.48352732081858 -0.3224280302287923 -158.4679384039385 3.470968752091002 -161.6905548822723 -9.697560286244467 
-158.4679384039385 3.470968752091002 -144.92553822782588 3.889417759476318 -161.6905548822723 -9.697560286244467 
-131.67956455321507 0.8972010242304016 -119.55802755419853 -5.23954352044518 -130.93337272590418 -12.668730222114899 
-119.55802755419853 -5.23954352044518 -103.81616499510137 2.3867508400620103 -109.40531235860462 -14.201745088899035 
-109.40531235860462 -14.201745088899035 -92.24467979178266 -10.747840726783311 -101.78806362068303 -25.43151547035335 
-109.40531235860462 -14.201745088899035 -101.78806362068303 -25.43151547035335 -115.32195441859949 -26.41336119357743 
-101.78806362068303 -25.43151547035335 -97.16268552110088 -38.20497280497565 -108.21004900185818 -46.02230644794975 
-108.21004900185818 -46.02230644794975 -98.0217245520227 -65.11469928860141 -119.65038399589218 -64.391850663786 
-98.0217245520227 -65.11469928860141 -103.41372498501926 -77.53690961364761 -119.65038399589218 -64.391850663786 
-116.86599782781387 -75.69764121206386 -122.4630903863523 -96.58627501498083 -137.7546316306668 -81.29473377052007 
-122.4630903863523 -96.58627501498083 -134.88530071139866 -101.97827544797717 -137.7546316306668 -81.29473377052007 
-143.42548297908476 -91.39697948487482 -161.79502719502446 -102.837314478899 -162.51787581963288 -81.20865503502318 
-161.79502719502446 -102.837314478899 -174.5684845296466 -98.21193637931718 -162.51787581963288 -81.20865503502318 
-173.58663880642223 -84.67804558140067 -194.76045647955493 -80.44197244580135 -180.50500069528957 -64.22294501366217 
-194.76045647955493 -80.44197244580135 -200.89720102423044 -68.32043544678511 -180.50500069528957 -64.22294501366217 
-190.92195969183913 -59.10611290314105 -203.47096875209078 -41.53206159606158 -181.976889342701 -39.451326611158 
-203.47096875209078 -41.53206159606158 -199.67757196977132 -28.516472679181142 -181.976889342701 -39.451326611158 
-186.1087138518281 -28.668491913478064 -183.1584935341855 -7.238509608017962 -166.07469461392247 -20.508466502574397 
-183.1584935341855 -7.238509608017962 -171.48352732081858 -0.3224280302287923 -166.07469461392247 -20.508466502574397 
-161.6905548822723 -9.697560286244467 -144.92553822782588 3.889417759476318 -141.54137840685374 -17.423001580929455 
-144.92553822782588 3.889417759476318 -131.67956455321507 0.8972010242304016 -141.54137840685374 -17.423001580929455 
-130.93337272590418 -12.668730222114899 -119.55802755419853 -5.23954352044518 -109.40531235860462 -14.201745088899035 
-130.93337272590418 -12.668730222114899 -109.40531235860462 -14.201745088899035 -115.32195441859949 -26.41336119357743 
-130.93337272590418 -12.668730222114899 -115.32195441859949 -26.41336119357743 -135.03086315911978 -33.06093055100819 
-115.32195441859949 -26.41336119357743 -101.78806362068303 -25.43151547035335 -108.21004900185818 -46.02230644794975 
-108.21004900185818 -46.02230644794975 -119.65038399589218 -64.391850663786 -129.83870844564933 -45.29945782328112 
-119.65038399589218 -64.391850663786 -103.41372498501926 -77.53690961364761 -116.86599782781387 -75.69764121206386 
-116.86599782781387 -75.69764121206386 -137.7546316306668 -81.29473377052007 -132.1575390721714 -60.406099967763694 
-137.7546316306668 -81.29473377052007 -134.88530071139866 -101.97827544797717 -143.42548297908476 -91.39697948487482 
-143.42548297908476 -91.39697948487482 -162.51787581963288 -81.20865503502318 -144.14833160383444 -69.76832004108692 
-162.51787581963288 -81.20865503502318 -174.5684845296466 -98.21193637931718 -173.58663880642223 -84.67804558140067 
-173.58663880642223 -84.67804558140067 -180.50500069528957 -64.22294501366217 -159.33118302231966 -68.45901814922892 
-180.50500069528957 -64.22294501366217 -200.89720102423044 -68.32043544678511 -190.92195969183913 -59.10611290314105 
-190.92195969183913 -59.10611290314105 -181.976889342701 -39.451326611158 -169.42788028254586 -57.02537791810238 
-181.976889342701 -39.451326611158 -199.67757196977132 -28.516472679181142 -186.1087138518281 -28.668491913478064 
-186.1087138518281 -28.668491913478064 -166.07469461392247 -20.508466502574397 -169.02491493154238 -41.93844880786973 
-166.07469461392247 -20.508466502574397 -171.48352732081858 -0.3224280302287923 -161.6905548822723 -9.697560286244467 
-161.6905548822723 -9.697560286244467 -141.54137840685374 -17.423001580929455 -158.30639506117126 -31.009979626545793 
-141.54137840685374 -17.423001580929455 -131.67956455321507 0.8972010242304016 -130.93337272590418 -12.668730222114899 
-141.54137840685374 -17.423001580929455 -130.93337272590418 -12.668730222114899 -135.03086315911978 -33.06093055100819 
-141.54137840685374 -17.423001580929455 -135.03086315911978 -33.06093055100819 -158.30639506117126 -31.009979626545793 
-135.03086315911978 -33.06093055100819 -115.32195441859949 -26.41336119357743 -108.21004900185818 -46.02230644794975 
-137.7546316306668 -81.29473377052007 -143.42548297908476 -91.39697948487482 -149.33885872873464 -81.43475529890743 
-190.92195969183913 -59.10611290314105 -169.42788028254586 -57.02537791810238 -180.50500069528957 -64.22294501366217 
-181.976889342701 -39.451326611158 -186.1087138518281 -28.668491913478064 -169.02491493154238 -41.93844880786973 
-161.6905548822723 -9.697560286244467 -158.30639506117126 -31.009979626545793 -166.07469461392247 -20.508466502574397 
-158.30639506117126 -31.009979626545793 -135.03086315911978 -33.06093055100819 -148.44480471263603 -52.1926570024454 
-135.03086315911978 -33.06093055100819 -108.21004900185818 -46.02230644794975 -129.83870844564933 -45.29945782328112 
-116.86599782781387 -75.69764121206386 -132.1575390721714 -60.406099967763694 -119.65038399589218 -64.391850663786 
-162.51787581963288 -81.20865503502318 -173.58663880642223 -84.67804558140067 -159.33118302231966 -68.45901814922892 
-159.33118302231966 -68.45901814922892 -180.50500069528957 -64.22294501366217 -169.42788028254586 -57.02537791810238 
-169.42788028254586 -57.02537791810238 -181.976889342701 -39.451326611158 -169.02491493154238 -41.93844880786973 
-169.02491493154238 -41.93844880786973 -166.07469461392247 -20.508466502574397 -158.30639506117126 -31.009979626545793 
-169.02491493154238 -41.93844880786973 -158.30639506117126 -31.009979626545793 -148.44480471263603 -52.1926570024454 
-169.02491493154238 -41.93844880786973 -148.44480471263603 -52.1926570024454 -169.42788028254586 -57.02537791810238 
-148.44480471263603 -52.1926570024454 -135.03086315911978 -33.06093055100819 -129.83870844564933 -45.29945782328112 
-129.83870844564933 -45.29945782328112 -119.65038399589218 -64.391850663786 -132.1575390721714 -60.406099967763694 
-144.14833160383444 -69.76832004108692 -162.51787581963288 -81.20865503502318 -159.33118302231966 -68.45901814922892 
-159.33118302231966 -68.45901814922892 -169.42788028254586 -57.02537791810238 -148.44480471263603 -52.1926570024454 
-159.33118302231966 -68.45901814922892 -148.44480471263603 -52.1926570024454 -144.14833160383444 -69.76832004108692 
-148.44480471263603 -52.1926570024454 -129.83870844564933 -45.29945782328112 -132.1575390721714 -60.406099967763694 
-132.1575390721714 -60.406099967763694 -137.7546316306668 -81.29473377052007 -148.44480471263603 -52.1926570024454 
-137.7546316306668 -81.29473377052007 -149.33885872873464 -81.43475529890743 -143.42548297908476 -91.39697948487482 
-143.42548297908476 -91.39697948487482 -144.14833160383444 -69.76832004108692 -137.7546316306668 -81.29473377052007 
-144.14833160383444 -69.76832004108692 -148.44480471263603 -52.1926570024454 -137.7546316306668 -81.29473377052007 
