40
-118.94707081504686 7.256246204290534 -82.52265959509089 -9.258767578240509 -120.75825527629706 -45.16351229487057 
-82.52265959509089 -9.258767578240509 -47.45741242634429 -28.47087873698925 -88.28348286392786 -61.37917593075786 
-47.45741242634429 -28.47087873698925 -15.306135139277615 -52.21151352466933 -60.165763742002774 -79.32254818323382 
-15.306135139277615 -52.21151352466933 22.364681434631393 -51.31771479034427 16.38079092830884 -90.0670782008171 
16.38079092830884 -90.0670782008171 45.37152635508619 -107.30186545225979 9.980089617807234 -133.83387052193405 
70.12840881348029 -174.91122201213994 52.8246047485041 -190.91117398522624 39.71860690116881 -156.23810631888256 
-37.035216911285715 -154.47019190590066 -76.74980097556073 -150.7017034734484 -52.32345954052659 -104.43457350936859 
-76.74980097556073 -150.7017034734484 -113.31455199158191 -162.91028548283379 -109.83429551353424 -112.47358991027022 
-113.31455199158191 -162.91028548283379 -119.91402524679899 -199.50226232910154 -141.4737895663567 -166.50788491821294 
-141.4737895663567 -166.50788491821294 -134.35061669479572 -129.55328884470464 -113.31455199158191 -162.91028548283379 
-164.17821788080022 -37.0774464101419 -192.49465525330606 -8.828145261161012 -144.08597915938455 11.379059917138179 
-221.00339607809858 19.220564920425403 -234.74558505932427 35.94105636722779 -195.02835478661208 31.56087124940055 
-15.306135139277615 -52.21151352466933 16.38079092830884 -90.0670782008171 -45.360105063057475 -109.55765198186322 
16.38079092830884 -90.0670782008171 9.980089617807234 -133.83387052193405 -45.360105063057475 -109.55765198186322 
70.12840881348029 -174.91122201213994 39.71860690116881 -156.23810631888256 72.63474658054668 -136.3383803457022 
-52.32345954052659 -104.43457350936859 -76.74980097556073 -150.7017034734484 -109.83429551353424 -112.47358991027022 
-221.00339607809858 19.220564920425403 -195.02835478661208 31.56087124940055 -192.49465525330606 -8.828145261161012 
-195.02835478661208 31.56087124940055 -156.4399874403076 21.163064578309672 -192.49465525330606 -8.828145261161012 
72.63474658054668 -136.3383803457022 39.71860690116881 -156.23810631888256 45.37152635508619 -107.30186545225979 
9.980089617807234 -133.83387052193405 45.37152635508619 -107.30186545225979 39.71860690116881 -156.23810631888256 
-109.83429551353424 -112.47358991027022 -113.31455199158191 -162.91028548283379 -134.35061669479572 -129.55328884470464 
-134.35061669479572 -129.55328884470464 -113.51447781071067 -98.85817027948065 -109.83429551353424 -112.47358991027022 
-137.61737941185015 -66.972356092453 -164.17821788080022 -37.0774464101419 -144.08597915938455 11.379059917138179 
-144.08597915938455 11.379059917138179 -192.49465525330606 -8.828145261161012 -156.4399874403076 21.163064578309672 
-144.08597915938455 11.379059917138179 -156.4399874403076 21.163064578309672 -118.94707081504686 7.256246204290534 
-118.94707081504686 7.256246204290534 -120.75825527629706 -45.16351229487057 -144.08597915938455 11.379059917138179 
-82.52265959509089 -9.258767578240509 -88.28348286392786 -61.37917593075786 -120.75825527629706 -45.16351229487057 
-47.45741242634429 -28.47087873698925 -60.165763742002774 -79.32254818323382 -88.28348286392786 -61.37917593075786 
-15.306135139277615 -52.21151352466933 -45.360105063057475 -109.55765198186322 -60.165763742002774 -79.32254818323382 
9.980089617807234 -133.83387052193405 39.71860690116881 -156.23810631888256 1.9961256140470596 -146.81737406348543 
1.9961256140470596 -146.81737406348543 -37.035216911285715 -154.47019190590066 -52.32345954052659 -104.43457350936859 
-52.32345954052659 -104.43457350936859 -109.83429551353424 -112.47358991027022 -113.51447781071067 -98.85817027948065 
-113.51447781071067 -98.85817027948065 -137.61737941185015 -66.972356092453 -52.32345954052659 -104.43457350936859 
-120.75825527629706 -45.16351229487057 -88.28348286392786 -61.37917593075786 -60.165763742002774 -79.32254818323382 
9.980089617807234 -133.83387052193405 1.9961256140470596 -146.81737406348543 -45.360105063057475 -109.55765198186322 
-144.08597915938455 11.379059917138179 -120.75825527629706 -45.16351229487057 -137.61737941185015 -66.972356092453 
-120.75825527629706 -45.16351229487057 -60.165763742002774 -79.32254818323382 -137.61737941185015 -66.972356092453 
1.9961256140470596 -146.81737406348543 -52.32345954052659 -104.43457350936859 -45.360105063057475 -109.55765198186322 
-52.32345954052659 -104.43457350936859 -137.61737941185015 -66.972356092453 -60.165763742002774 -79.32254818323382 
-52.32345954052659 -104.43457350936859 -60.165763742002774 -79.32254818323382 -45.360105063057475 -109.55765198186322 
